0	0
1	0
0	0
0	-1
1	-1
1	0
2	0
2	-1
3	-1
3	0
2	0
1	0
0	0
-1	0
-2	0
-1	0
-2	0
-2	-1
-1	-1
-1	0
-1	1
-1	0
-2	0
-1	0
-1	1
0	1
1	1
2	1
3	1
4	1
4	2
4	3
4	4
5	4
6	4
6	5
6	6
7	6
8	6
8	7
8	8
8	7
9	7
10	7
10	8
9	8
10	8
10	7
10	8
10	9
10	10
10	9
10	10
11	10
12	10
11	10
12	10
12	11
12	10
12	11
12	12
12	13
11	13
10	13
10	14
10	13
11	13
11	12
11	11
11	12
11	13
11	14
12	14
12	15
11	15
10	15
11	15
11	14
10	14
9	14
10	14
10	13
9	13
8	13
8	12
7	12
8	12
8	11
8	10
9	10
10	10
10	11
10	12
10	11
10	10
10	9
9	9
10	9
9	9
8	9
8	10
8	9
8	8
7	8
8	8
7	8
8	8
8	9
8	10
7	10
7	9
6	9
6	10
6	11
7	11
7	12
7	11
7	12
8	12
8	11
7	11
7	12
7	13
8	13
9	13
9	14
9	13
8	13
8	14
7	14
8	14
8	13
7	13
8	13
8	14
7	14
7	13
6	13
6	12
7	12
8	12
8	11
8	10
7	10
8	10
9	10
10	10
11	10
11	11
12	11
12	10
13	10
12	10
13	10
14	10
13	10
12	10
13	10
13	11
13	10
12	10
11	10
10	10
11	10
11	9
12	9
12	8
11	8
11	7
11	6
11	5
11	4
10	4
9	4
8	4
7	4
6	4
6	3
5	3
6	3
6	2
5	2
6	2
5	2
5	1
5	2
5	3
5	4
5	5
4	5
4	6
4	5
4	6
5	6
6	6
6	7
7	7
8	7
8	6
8	5
8	4
7	4
7	3
6	3
6	4
5	4
5	5
6	5
6	6
6	5
7	5
7	6
6	6
6	7
7	7
6	7
5	7
5	8
5	7
5	6
6	6
7	6
7	5
7	6
7	7
7	6
6	6
6	7
7	7
6	7
6	8
6	7
6	8
6	9
5	9
4	9
5	9
5	8
4	8
4	9
4	8
4	7
4	6
4	7
5	7
5	6
5	5
4	5
5	5
5	4
5	5
5	6
6	6
6	7
5	7
5	8
5	9
5	10
5	9
5	10
5	9
5	10
5	11
5	12
4	12
4	11
5	11
5	10
4	10
4	9
5	9
4	9
3	9
4	9
4	8
3	8
4	8
4	7
4	8
5	8
4	8
3	8
3	9
3	8
4	8
5	8
6	8
6	9
5	9
6	9
5	9
4	9
4	10
5	10
5	9
6	9
6	8
6	7
6	6
5	6
4	6
5	6
6	6
7	6
8	6
9	6
9	5
9	6
10	6
11	6
11	7
10	7
10	6
10	5
9	5
9	4
10	4
9	4
9	5
8	5
8	4
8	3
8	4
9	4
9	3
10	3
10	4
10	3
11	3
12	3
11	3
10	3
10	4
10	3
10	2
9	2
9	1
9	0
9	-1
9	-2
10	-2
10	-1
9	-1
9	-2
9	-1
10	-1
10	-2
10	-1
10	-2
11	-2
12	-2
11	-2
12	-2
12	-1
12	-2
13	-2
12	-2
13	-2
14	-2
13	-2
13	-1
12	-1
12	0
11	0
10	0
11	0
12	0
12	1
13	1
14	1
14	2
15	2
15	3
16	3
17	3
16	3
16	4
16	3
16	2
16	3
17	3
18	3
19	3
19	4
18	4
18	3
17	3
18	3
19	3
18	3
17	3
16	3
16	4
16	3
17	3
17	2
18	2
18	3
18	4
19	4
19	5
19	4
19	5
18	5
19	5
19	6
19	7
19	8
19	9
20	9
19	9
19	10
19	11
18	11
18	10
18	9
17	9
17	10
17	9
16	9
17	9
16	9
16	10
15	10
15	11
15	12
14	12
13	12
13	11
13	10
13	9
13	10
13	9
14	9
15	9
15	8
15	9
15	10
15	11
14	11
13	11
13	10
14	10
14	9
13	9
13	8
13	7
14	7
14	8
13	8
13	7
12	7
13	7
14	7
15	7
14	7
13	7
12	7
12	8
11	8
10	8
11	8
11	7
11	8
12	8
13	8
13	9
12	9
12	10
11	10
12	10
13	10
13	11
13	12
14	12
15	12
15	13
15	12
16	12
16	11
16	12
17	12
17	13
16	13
17	13
17	14
17	15
16	15
16	14
15	14
15	15
14	15
13	15
14	15
14	14
14	13
14	14
15	14
15	15
15	14
14	14
13	14
13	13
14	13
15	13
15	12
16	12
16	13
15	13
15	14
16	14
17	14
17	15
17	16
17	15
17	16
17	15
18	15
19	15
19	14
19	13
18	13
18	14
17	14
16	14
17	14
16	14
17	14
17	15
17	14
17	13
18	13
17	13
16	13
17	13
16	13
15	13
15	14
16	14
16	15
15	15
16	15
15	15
16	15
15	15
15	16
14	16
14	17
13	17
13	16
13	17
13	18
13	19
12	19
13	19
14	19
14	18
13	18
14	18
15	18
14	18
14	17
14	18
15	18
14	18
14	19
14	18
15	18
15	17
15	16
15	17
14	17
15	17
16	17
15	17
15	16
15	17
16	17
16	18
16	17
16	16
15	16
15	17
16	17
16	18
16	19
16	20
17	20
18	20
18	21
18	22
17	22
18	22
17	22
16	22
16	21
17	21
16	21
16	20
16	19
15	19
15	20
15	21
15	20
15	21
16	21
15	21
15	20
16	20
16	19
16	18
17	18
16	18
17	18
17	19
17	18
16	18
15	18
15	17
14	17
14	16
14	17
15	17
16	17
16	16
16	15
16	14
16	13
15	13
15	12
15	11
16	11
17	11
17	12
17	11
16	11
16	12
15	12
15	13
15	14
15	15
15	16
14	16
15	16
14	16
14	15
14	14
15	14
15	15
15	14
15	13
15	14
16	14
17	14
17	15
17	14
18	14
19	14
19	13
18	13
18	12
17	12
17	11
18	11
18	10
18	9
18	8
18	9
18	10
19	10
18	10
18	9
17	9
18	9
18	8
19	8
20	8
20	7
20	8
20	9
19	9
20	9
19	9
19	8
19	9
19	8
19	7
19	8
20	8
19	8
19	7
20	7
20	8
20	7
20	8
20	9
19	9
20	9
19	9
19	8
19	9
19	10
18	10
18	9
17	9
16	9
16	8
15	8
15	9
16	9
17	9
17	8
17	9
16	9
16	8
15	8
14	8
13	8
13	7
13	6
13	7
13	6
14	6
13	6
12	6
12	7
13	7
13	8
12	8
12	7
13	7
13	6
14	6
14	5
13	5
13	4
13	5
12	5
12	6
11	6
11	5
10	5
9	5
9	6
10	6
10	7
10	6
10	5
10	4
10	3
10	2
10	3
10	2
10	1
10	0
10	1
10	2
11	2
10	2
10	1
10	0
10	-1
9	-1
9	-2
8	-2
8	-1
8	-2
8	-3
9	-3
9	-2
9	-1
10	-1
10	-2
11	-2
11	-1
12	-1
12	0
13	0
14	0
14	1
14	0
14	-1
13	-1
12	-1
12	-2
11	-2
12	-2
13	-2
12	-2
12	-3
12	-4
12	-3
11	-3
10	-3
10	-2
10	-1
11	-1
11	0
12	0
13	0
12	0
11	0
11	1
11	2
10	2
9	2
9	3
10	3
9	3
9	4
8	4
7	4
7	5
7	6
7	7
8	7
8	6
7	6
8	6
7	6
6	6
7	6
8	6
9	6
9	5
8	5
7	5
7	4
7	3
6	3
7	3
7	4
7	5
6	5
5	5
6	5
7	5
8	5
9	5
8	5
7	5
7	4
7	5
7	4
8	4
8	3
9	3
10	3
10	4
10	5
10	4
10	3
10	4
10	3
11	3
11	4
11	5
10	5
10	6
10	7
10	8
9	8
8	8
8	7
9	7
9	8
9	7
10	7
9	7
10	7
10	6
11	6
11	5
11	6
12	6
12	5
13	5
14	5
15	5
14	5
14	6
14	5
13	5
13	4
12	4
11	4
11	5
12	5
12	6
11	6
11	7
11	6
11	7
12	7
11	7
11	8
11	9
10	9
9	9
10	9
9	9
8	9
9	9
9	10
9	9
9	10
9	11
10	11
10	12
9	12
8	12
8	11
8	12
9	12
9	11
10	11
10	10
11	10
11	11
11	12
11	11
11	10
12	10
13	10
13	9
13	8
12	8
12	9
12	10
12	11
12	12
13	12
13	11
12	11
11	11
10	11
10	10
10	9
10	8
10	9
9	9
9	10
10	10
10	9
9	9
10	9
11	9
10	9
10	10
10	11
10	10
11	10
12	10
13	10
13	11
14	11
15	11
16	11
16	12
15	12
15	13
14	13
13	13
14	13
14	14
15	14
15	13
16	13
17	13
16	13
16	14
15	14
16	14
15	14
14	14
14	13
13	13
12	13
12	14
12	13
12	12
12	13
13	13
14	13
14	14
14	15
15	15
15	16
15	17
14	17
14	16
14	15
14	16
13	16
13	15
12	15
11	15
11	14
10	14
10	13
9	13
10	13
10	14
9	14
8	14
9	14
8	14
8	15
7	15
8	15
9	15
8	15
8	16
8	17
8	16
8	15
8	14
9	14
10	14
10	15
9	15
10	15
11	15
11	14
11	13
11	12
10	12
9	12
9	11
9	12
9	13
9	14
9	15
9	14
10	14
11	14
11	13
10	13
10	14
9	14
8	14
7	14
8	14
9	14
9	13
9	12
9	11
9	10
9	9
10	9
11	9
10	9
10	10
11	10
10	10
11	10
12	10
13	10
12	10
12	9
12	10
13	10
14	10
14	9
14	8
15	8
15	7
15	6
14	6
14	7
14	8
14	9
15	9
14	9
14	10
14	9
14	10
15	10
14	10
14	11
15	11
15	10
15	9
15	10
15	9
15	10
14	10
14	9
14	10
15	10
14	10
14	9
14	10
14	9
14	8
15	8
15	7
14	7
15	7
14	7
15	7
14	7
14	6
15	6
16	6
16	7
17	7
16	7
16	8
16	7
16	6
15	6
14	6
13	6
14	6
14	7
15	7
14	7
14	8
13	8
13	7
13	6
12	6
13	6
12	6
12	7
12	8
11	8
12	8
12	9
13	9
14	9
15	9
16	9
16	10
17	10
17	11
17	12
16	12
15	12
16	12
16	13
16	14
15	14
16	14
16	15
17	15
17	16
17	15
17	16
17	15
16	15
16	16
16	17
16	16
16	15
16	14
17	14
16	14
16	13
15	13
14	13
15	13
14	13
13	13
13	14
12	14
12	13
11	13
11	14
10	14
10	13
10	12
10	11
9	11
9	10
10	10
10	9
10	10
11	10
12	10
12	11
12	10
12	11
11	11
10	11
10	12
9	12
9	11
10	11
10	12
10	13
9	13
8	13
9	13
10	13
10	12
10	11
11	11
10	11
11	11
10	11
9	11
9	10
8	10
9	10
9	9
9	8
9	7
10	7
10	6
11	6
11	7
11	6
10	6
11	6
10	6
11	6
10	6
10	7
11	7
12	7
12	6
11	6
11	5
11	4
11	3
10	3
10	2
11	2
11	3
11	2
11	1
11	0
10	0
10	1
11	1
10	1
11	1
11	0
10	0
11	0
12	0
13	0
13	-1
12	-1
12	0
11	0
10	0
11	0
11	-1
11	-2
11	-1
11	-2
11	-1
12	-1
12	-2
12	-1
12	-2
11	-2
10	-2
10	-1
10	0
10	1
11	1
12	1
11	1
12	1
12	0
12	-1
13	-1
12	-1
12	-2
13	-2
12	-2
12	-3
12	-4
13	-4
13	-3
12	-3
13	-3
13	-2
13	-1
13	0
13	1
13	0
12	0
13	0
14	0
14	1
14	0
13	0
12	0
12	1
13	1
13	0
12	0
12	-1
13	-1
13	0
12	0
12	1
12	0
11	0
10	0
9	0
8	0
8	1
7	1
8	1
8	0
7	0
6	0
7	0
8	0
8	-1
8	-2
7	-2
8	-2
9	-2
9	-3
10	-3
10	-4
9	-4
9	-3
10	-3
10	-2
11	-2
11	-3
10	-3
10	-2
10	-1
10	-2
11	-2
12	-2
12	-1
11	-1
11	-2
10	-2
10	-1
10	-2
9	-2
9	-3
9	-2
9	-3
10	-3
10	-2
10	-3
9	-3
8	-3
9	-3
8	-3
7	-3
7	-4
8	-4
9	-4
9	-5
8	-5
9	-5
9	-6
10	-6
9	-6
9	-5
10	-5
10	-6
10	-5
10	-4
9	-4
10	-4
11	-4
11	-5
12	-5
12	-6
12	-7
11	-7
10	-7
10	-8
10	-9
9	-9
9	-8
8	-8
7	-8
8	-8
9	-8
8	-8
9	-8
9	-7
9	-6
9	-7
8	-7
9	-7
10	-7
11	-7
10	-7
11	-7
11	-8
11	-9
10	-9
9	-9
10	-9
10	-10
10	-9
11	-9
10	-9
11	-9
10	-9
10	-8
10	-9
9	-9
9	-10
9	-9
10	-9
10	-8
10	-7
10	-6
10	-7
9	-7
8	-7
8	-6
7	-6
8	-6
7	-6
7	-7
7	-6
8	-6
8	-7
8	-6
9	-6
8	-6
8	-7
9	-7
9	-6
10	-6
10	-5
11	-5
11	-4
11	-5
11	-4
11	-3
10	-3
11	-3
11	-4
10	-4
9	-4
9	-3
9	-4
8	-4
8	-5
7	-5
7	-6
6	-6
6	-7
6	-6
6	-5
7	-5
6	-5
6	-4
5	-4
4	-4
4	-5
4	-4
4	-5
4	-4
3	-4
4	-4
4	-3
5	-3
6	-3
6	-4
5	-4
4	-4
5	-4
5	-3
5	-2
4	-2
3	-2
3	-1
4	-1
3	-1
3	-2
4	-2
5	-2
4	-2
3	-2
2	-2
2	-3
3	-3
3	-4
2	-4
2	-5
2	-6
2	-7
1	-7
1	-6
0	-6
-1	-6
-2	-6
-2	-7
-2	-8
-3	-8
-3	-7
-3	-6
-4	-6
-5	-6
-6	-6
-5	-6
-5	-5
-5	-6
-5	-5
-4	-5
-4	-6
-4	-5
-4	-4
-5	-4
-5	-5
-5	-6
-6	-6
-5	-6
-5	-7
-4	-7
-4	-8
-5	-8
-4	-8
-4	-7
-3	-7
-4	-7
-3	-7
-3	-8
-3	-7
-3	-8
-3	-7
-3	-8
-3	-7
-3	-8
-3	-7
-2	-7
-1	-7
-1	-8
-1	-9
-1	-8
-1	-9
-1	-10
-1	-11
0	-11
0	-10
0	-11
1	-11
1	-12
1	-13
1	-14
1	-15
0	-15
-1	-15
-1	-16
-1	-17
-2	-17
-3	-17
-2	-17
-2	-16
-1	-16
-1	-17
-2	-17
-2	-18
-2	-17
-2	-16
-2	-15
-2	-14
-3	-14
-2	-14
-1	-14
0	-14
1	-14
2	-14
2	-15
2	-14
2	-13
1	-13
1	-12
1	-11
0	-11
1	-11
1	-10
2	-10
1	-10
1	-9
2	-9
3	-9
3	-10
4	-10
4	-9
5	-9
6	-9
7	-9
7	-10
7	-9
6	-9
6	-8
5	-8
6	-8
6	-7
6	-8
7	-8
6	-8
6	-9
7	-9
7	-10
7	-9
7	-10
8	-10
7	-10
7	-9
8	-9
8	-10
7	-10
7	-11
8	-11
7	-11
8	-11
9	-11
8	-11
8	-10
9	-10
9	-11
8	-11
9	-11
10	-11
11	-11
11	-10
11	-11
12	-11
12	-12
11	-12
11	-11
10	-11
9	-11
8	-11
8	-10
8	-11
8	-10
7	-10
7	-9
7	-10
6	-10
6	-9
6	-8
5	-8
5	-7
5	-8
4	-8
3	-8
2	-8
3	-8
3	-9
2	-9
1	-9
2	-9
2	-10
1	-10
0	-10
-1	-10
-1	-11
-2	-11
-2	-10
-2	-9
-1	-9
-1	-10
-1	-11
-1	-10
-2	-10
-2	-9
-2	-10
-1	-10
0	-10
-1	-10
-1	-9
-2	-9
-2	-8
-2	-9
-3	-9
-3	-10
-4	-10
-4	-9
-3	-9
-3	-8
-3	-9
-4	-9
-4	-8
-5	-8
-5	-7
-5	-8
-5	-7
-5	-6
-5	-5
-6	-5
-7	-5
-8	-5
-8	-4
-8	-3
-7	-3
-6	-3
-6	-4
-5	-4
-4	-4
-3	-4
-4	-4
-5	-4
-6	-4
-5	-4
-5	-3
-4	-3
-4	-4
-3	-4
-4	-4
-3	-4
-3	-3
-3	-2
-4	-2
-4	-3
-3	-3
-2	-3
-3	-3
-3	-2
-3	-1
-2	-1
-2	-2
-2	-3
-3	-3
-3	-2
-3	-1
-4	-1
-4	0
-3	0
-4	0
-5	0
-4	0
-4	1
-3	1
-3	0
-3	1
-4	1
-3	1
-3	2
-4	2
-5	2
-6	2
-6	1
-6	0
-5	0
-6	0
-5	0
-5	1
-5	2
-5	3
-6	3
-7	3
-7	4
-7	5
-7	6
-8	6
-8	5
-7	5
-7	4
-7	3
-8	3
-8	4
-8	3
-7	3
-8	3
-8	2
-9	2
-8	2
-8	1
-7	1
-8	1
-8	2
-9	2
-10	2
-10	3
-10	2
-10	3
-10	4
-9	4
-9	3
-9	2
-10	2
-11	2
-10	2
-9	2
-9	1
-10	1
-10	0
-10	-1
-11	-1
-11	-2
-12	-2
-11	-2
-11	-3
-12	-3
-13	-3
-14	-3
-14	-2
-14	-3
-14	-2
-14	-1
-15	-1
-16	-1
-15	-1
-15	0
-15	-1
-15	-2
-15	-3
-15	-2
-14	-2
-15	-2
-14	-2
-14	-3
-13	-3
-12	-3
-12	-4
-11	-4
-11	-5
-11	-6
-11	-7
-11	-6
-12	-6
-13	-6
-14	-6
-14	-5
-14	-4
-14	-3
-14	-4
-15	-4
-14	-4
-13	-4
-12	-4
-12	-5
-12	-6
-12	-5
-11	-5
-11	-6
-10	-6
-10	-7
-9	-7
-9	-6
-10	-6
-9	-6
-8	-6
-8	-7
-8	-6
-8	-7
-8	-8
-7	-8
-7	-9
-7	-10
-8	-10
-8	-9
-9	-9
-8	-9
-8	-10
-8	-11
-9	-11
-9	-12
-9	-11
-10	-11
-9	-11
-10	-11
-11	-11
-11	-12
-11	-13
-11	-14
-12	-14
-11	-14
-12	-14
-12	-15
-12	-14
-12	-13
-12	-14
-13	-14
-13	-13
-12	-13
-13	-13
-12	-13
-12	-12
-12	-11
-11	-11
-11	-12
-11	-13
-12	-13
-11	-13
-11	-14
-12	-14
-13	-14
-14	-14
-14	-15
-14	-14
-15	-14
-16	-14
-16	-15
-17	-15
-18	-15
-19	-15
-19	-14
-19	-15
-19	-14
-18	-14
-18	-13
-19	-13
-18	-13
-18	-14
-18	-15
-17	-15
-17	-14
-16	-14
-16	-13
-16	-14
-16	-13
-16	-12
-17	-12
-16	-12
-16	-11
-16	-10
-17	-10
-17	-11
-16	-11
-17	-11
-16	-11
-16	-12
-16	-11
-15	-11
-16	-11
-16	-12
-16	-13
-16	-14
-17	-14
-16	-14
-15	-14
-15	-15
-15	-16
-14	-16
-14	-17
-14	-18
-14	-17
-13	-17
-12	-17
-12	-18
-12	-19
-12	-18
-11	-18
-12	-18
-13	-18
-14	-18
-13	-18
-12	-18
-12	-17
-11	-17
-11	-18
-12	-18
-11	-18
-10	-18
-10	-19
-11	-19
-11	-20
-12	-20
-13	-20
-14	-20
-14	-21
-15	-21
-15	-20
-16	-20
-16	-21
-16	-20
-16	-19
-15	-19
-15	-18
-15	-17
-14	-17
-14	-16
-14	-17
-14	-16
-14	-17
-14	-16
-14	-17
-13	-17
-13	-16
-13	-15
-13	-14
-13	-13
-12	-13
-12	-12
-12	-11
-12	-12
-11	-12
-10	-12
-11	-12
-12	-12
-12	-13
-12	-12
-12	-11
-11	-11
-11	-12
-11	-11
-11	-10
-11	-9
-12	-9
-12	-10
-13	-10
-14	-10
-13	-10
-14	-10
-14	-11
-13	-11
-13	-12
-14	-12
-14	-11
-14	-10
-13	-10
-14	-10
-15	-10
-14	-10
-13	-10
-13	-11
-12	-11
-11	-11
-10	-11
-11	-11
-11	-12
-11	-13
-10	-13
-10	-12
-9	-12
-9	-13
-10	-13
-11	-13
-11	-12
-10	-12
-10	-11
-9	-11
-9	-12
-10	-12
-11	-12
-12	-12
-12	-13
-12	-12
-12	-11
-12	-10
-12	-11
-13	-11
-13	-12
-13	-11
-14	-11
-14	-12
-14	-11
-14	-12
-13	-12
-13	-11
-14	-11
-13	-11
-13	-10
-14	-10
-15	-10
-15	-9
-16	-9
-15	-9
-14	-9
-14	-10
-14	-9
-15	-9
-15	-10
-15	-9
-15	-8
-15	-7
-14	-7
-14	-6
-14	-7
-15	-7
-16	-7
-17	-7
-16	-7
-16	-6
-15	-6
-15	-7
-15	-6
-15	-5
-16	-5
-16	-4
-16	-5
-15	-5
-16	-5
-15	-5
-16	-5
-15	-5
-16	-5
-15	-5
-15	-4
-16	-4
-15	-4
-15	-5
-15	-4
-15	-5
-14	-5
-15	-5
-15	-4
-14	-4
-14	-5
-13	-5
-14	-5
-14	-4
-14	-5
-14	-6
-15	-6
-15	-7
-16	-7
-15	-7
-14	-7
-14	-6
-15	-6
-14	-6
-14	-5
-13	-5
-13	-4
-12	-4
-12	-3
-12	-4
-12	-3
-13	-3
-14	-3
-14	-2
-14	-1
-14	-2
-14	-1
-15	-1
-16	-1
-17	-1
-18	-1
-18	0
-18	-1
-18	0
-19	0
-20	0
-19	0
-19	1
-19	2
-19	1
-19	2
-20	2
-19	2
-18	2
-18	1
-19	1
-18	1
-17	1
-17	0
-17	1
-16	1
-15	1
-14	1
-14	0
-15	0
-15	1
-15	0
-14	0
-14	-1
-14	0
-14	-1
-15	-1
-16	-1
-17	-1
-16	-1
-16	0
-16	1
-16	2
-16	1
-16	0
-15	0
-14	0
-15	0
-15	1
-14	1
-14	2
-13	2
-13	3
-14	3
-14	2
-14	1
-15	1
-14	1
-14	0
-14	1
-14	0
-14	1
-13	1
-13	0
-13	1
-13	2
-14	2
-13	2
-12	2
-12	3
-11	3
-11	4
-11	3
-11	4
-10	4
-11	4
-12	4
-12	5
-12	6
-11	6
-12	6
-13	6
-12	6
-11	6
-10	6
-10	5
-10	4
-10	3
-9	3
-9	2
-8	2
-8	1
-8	2
-8	3
-9	3
-9	2
-10	2
-10	3
-10	2
-10	1
-10	0
-10	-1
-9	-1
-10	-1
-10	0
-10	1
-10	2
-9	2
-10	2
-11	2
-10	2
-10	3
-9	3
-9	4
-9	5
-9	6
-9	7
-9	8
-8	8
-8	9
-8	10
-8	11
-7	11
-8	11
-9	11
-9	10
-9	11
-9	12
-8	12
-7	12
-6	12
-6	11
-5	11
-5	12
-5	13
-6	13
-7	13
-8	13
-8	12
-8	13
-7	13
-6	13
-7	13
-7	14
-7	15
-6	15
-6	14
-7	14
-7	15
-6	15
-5	15
-5	14
-5	15
-4	15
-4	16
-3	16
-3	15
-3	14
-3	15
-2	15
-2	14
-2	15
-2	14
-1	14
-2	14
-2	15
-2	14
-2	15
-1	15
-2	15
-3	15
-2	15
-3	15
-3	16
-4	16
-3	16
-4	16
-5	16
-5	15
-4	15
-5	15
-5	14
-5	13
-4	13
-3	13
-2	13
-1	13
-1	12
-1	11
-2	11
-2	10
-2	9
-2	8
-2	7
-1	7
-2	7
-1	7
-1	6
0	6
1	6
0	6
-1	6
-1	7
-1	8
0	8
1	8
0	8
-1	8
-2	8
-2	9
-3	9
-3	10
-3	11
-3	12
-3	13
-3	14
-4	14
-4	15
-3	15
-4	15
-4	14
-3	14
-3	15
-3	14
-2	14
-3	14
-4	14
-4	15
-5	15
-6	15
-6	16
-5	16
-5	17
-5	16
-6	16
-7	16
-6	16
-6	17
-5	17
-6	17
-7	17
-7	16
-7	15
-7	14
-6	14
-6	15
-6	16
-6	15
-7	15
-8	15
-8	16
-9	16
-10	16
-10	15
-11	15
-11	14
-11	15
-10	15
-9	15
-9	14
-9	13
-10	13
-9	13
-9	14
-9	15
-9	14
-9	13
-10	13
-9	13
-9	12
-8	12
-9	12
-9	11
-8	11
-9	11
-8	11
-8	12
-8	11
-8	10
-7	10
-7	11
-6	11
-6	10
-5	10
-5	9
-5	10
-5	9
-5	10
-6	10
-5	10
-4	10
-4	11
-5	11
-4	11
-5	11
-4	11
-4	10
-4	11
-5	11
-5	10
-5	11
-5	10
-6	10
-5	10
-5	9
-5	10
-4	10
-4	11
-3	11
-2	11
-3	11
-4	11
-4	12
-4	13
-5	13
-5	14
-6	14
-7	14
-8	14
-7	14
-8	14
-9	14
-10	14
-9	14
-9	13
-8	13
-7	13
-7	12
-8	12
-8	11
-8	10
-8	9
-9	9
-10	9
-9	9
-10	9
-10	8
-10	9
-9	9
-9	8
-9	9
-10	9
-11	9
-12	9
-12	8
-11	8
-10	8
-11	8
-11	7
-12	7
-13	7
-13	8
-13	9
-12	9
-13	9
-12	9
-12	10
-12	9
-11	9
-11	8
-12	8
-11	8
-11	7
-11	8
-12	8
-12	7
-12	6
-12	7
-11	7
-11	6
-11	7
-12	7
-12	8
-12	7
-12	8
-12	9
-11	9
-11	10
-11	9
-10	9
-10	8
-11	8
-11	9
-10	9
-11	9
-10	9
-10	10
-9	10
-9	9
-10	9
-10	8
-11	8
-12	8
-13	8
-13	7
-12	7
-13	7
-14	7
-15	7
-16	7
-17	7
-16	7
-15	7
-14	7
-14	6
-15	6
-15	7
-14	7
-14	6
-13	6
-12	6
-12	5
-13	5
-14	5
-13	5
-13	6
-14	6
-15	6
-16	6
-17	6
-16	6
-16	7
-15	7
-15	6
-14	6
-14	5
-13	5
-14	5
-15	5
-16	5
-16	6
-16	7
-17	7
-18	7
-18	8
-19	8
-18	8
-19	8
-20	8
-20	7
-20	6
-20	5
-20	4
-21	4
-22	4
-22	3
-21	3
-20	3
-20	4
-21	4
-22	4
-23	4
-22	4
-22	3
-22	4
-22	5
-23	5
-23	6
-23	5
-23	6
-23	5
-22	5
-23	5
-24	5
-24	4
-23	4
-22	4
-22	3
-23	3
-23	2
-23	1
-24	1
-24	0
-25	0
-25	1
-25	2
-25	3
-26	3
-27	3
-27	2
-27	3
-27	4
-27	5
-27	6
-26	6
-26	5
-27	5
-27	4
-26	4
-27	4
-27	5
-26	5
-26	4
-26	3
-27	3
-28	3
-27	3
-27	2
-27	3
-27	2
-27	1
-27	2
-27	3
-28	3
-28	2
-28	1
-27	1
-27	2
-27	3
-27	2
-26	2
-27	2
-26	2
-27	2
-26	2
-26	3
-26	4
-26	3
-25	3
-25	4
-26	4
-27	4
-28	4
-28	5
-29	5
-29	6
-28	6
-29	6
-28	6
-29	6
-29	7
-28	7
-28	6
-28	5
-28	4
-28	3
-29	3
-29	2
-28	2
-27	2
-28	2
-28	3
-29	3
-29	2
-29	1
-29	0
-28	0
-27	0
-28	0
-28	1
-29	1
-28	1
-28	0
-28	1
-29	1
-29	2
-30	2
-31	2
-31	1
-31	0
-31	1
-31	2
-31	1
-30	1
-29	1
-30	1
-30	0
-31	0
-32	0
-31	0
-32	0
-32	1
-32	2
-32	3
-31	3
-31	4
-30	4
-30	5
-30	6
-31	6
-32	6
-31	6
-31	5
-31	6
-32	6
-32	7
-32	6
-31	6
-30	6
-30	5
-30	4
-30	5
-29	5
-29	4
-29	5
-28	5
-29	5
-29	6
-29	5
-29	6
-30	6
-31	6
-32	6
-32	5
-32	4
-32	3
-31	3
-31	2
-30	2
-31	2
-32	2
-33	2
-33	1
-33	2
-32	2
-32	3
-32	2
-32	1
-33	1
-33	0
-33	-1
-33	0
-32	0
-32	-1
-32	0
-33	0
-32	0
-31	0
-30	0
-30	-1
-30	0
-31	0
-31	1
-31	0
-32	0
-32	1
-32	0
-33	0
-32	0
-32	-1
-32	0
-32	-1
-33	-1
-32	-1
-32	0
-33	0
-34	0
-33	0
-34	0
-33	0
-32	0
-32	1
-33	1
-32	1
-32	2
-32	1
-32	0
-32	1
-32	0
-31	0
-30	0
-29	0
-30	0
-31	0
-30	0
-30	1
-30	0
-30	-1
-30	-2
-29	-2
-29	-3
-29	-2
-29	-3
-29	-2
-29	-1
-29	0
-28	0
-28	-1
-28	0
-28	-1
-28	-2
-28	-1
-27	-1
-28	-1
-29	-1
-30	-1
-30	0
-31	0
-31	-1
-31	0
-32	0
-31	0
-32	0
-32	1
-32	0
-32	-1
-33	-1
-34	-1
-34	-2
-35	-2
-35	-3
-36	-3
-35	-3
-35	-4
-34	-4
-34	-3
-33	-3
-32	-3
-32	-2
-33	-2
-33	-3
-33	-2
-32	-2
-31	-2
-31	-3
-31	-4
-31	-5
-31	-4
-31	-3
-32	-3
-32	-4
-31	-4
-31	-5
-31	-4
-32	-4
-33	-4
-32	-4
-32	-3
-32	-2
-32	-3
-31	-3
-31	-2
-32	-2
-31	-2
-30	-2
-31	-2
-32	-2
-32	-1
-32	-2
-32	-3
-32	-4
-32	-5
-32	-4
-31	-4
-30	-4
-30	-3
-30	-4
-30	-5
-31	-5
-31	-4
-32	-4
-32	-3
-32	-2
-33	-2
-33	-3
-32	-3
-32	-2
-31	-2
-32	-2
-33	-2
-32	-2
-33	-2
-32	-2
-33	-2
-34	-2
-33	-2
-33	-1
-33	0
-34	0
-34	1
-34	2
-34	3
-33	3
-34	3
-34	4
-34	5
-33	5
-33	6
-32	6
-32	5
-33	5
-33	4
-33	5
-32	5
-32	6
-31	6
-30	6
-31	6
-30	6
-31	6
-31	7
-31	8
-31	9
-31	10
-31	9
-30	9
-31	9
-31	10
-31	11
-30	11
-30	10
-31	10
-32	10
-31	10
-31	11
-30	11
-30	12
-30	13
-30	14
-31	14
-31	15
-30	15
-30	16
-31	16
-30	16
-31	16
-32	16
-32	17
-31	17
-31	16
-30	16
-31	16
-30	16
-30	17
-30	16
-29	16
-30	16
-31	16
-32	16
-32	15
-33	15
-33	16
-34	16
-34	17
-34	18
-33	18
-33	19
-33	18
-34	18
-34	17
-34	18
-34	17
-33	17
-34	17
-34	18
-33	18
-33	19
-32	19
-33	19
-34	19
-33	19
-34	19
-33	19
-32	19
-31	19
-30	19
-30	20
-30	19
-31	19
-30	19
-31	19
-30	19
-30	20
-30	21
-31	21
-31	20
-32	20
-31	20
-32	20
-31	20
-31	19
-30	19
-29	19
-29	18
-29	17
-29	18
-28	18
-27	18
-28	18
-28	17
-29	17
-30	17
-30	18
-30	17
-30	16
-31	16
-31	15
-30	15
-30	16
-30	17
-29	17
-28	17
-29	17
-30	17
-31	17
-30	17
-31	17
-30	17
-29	17
-29	18
-29	19
-28	19
-28	20
-28	21
-27	21
-26	21
-26	20
-26	21
-26	22
-26	23
-25	23
-24	23
-24	22
-25	22
-25	21
-26	21
-26	22
-27	22
-27	21
-27	20
-26	20
-26	19
-25	19
-26	19
-27	19
-28	19
-28	18
-27	18
-27	17
-26	17
-26	18
-25	18
-25	19
-25	18
-26	18
-27	18
-26	18
-26	19
-26	18
-26	19
-27	19
-26	19
-26	20
-26	21
-26	20
-26	21
-25	21
-24	21
-23	21
-23	20
-23	19
-22	19
-22	18
-22	17
-22	16
-22	17
-23	17
-23	16
-24	16
-24	17
-24	16
-23	16
-24	16
-24	17
-23	17
-22	17
-22	16
-21	16
-22	16
-22	15
-22	16
-21	16
-20	16
-20	15
-21	15
-21	14
-21	15
-21	14
-20	14
-20	15
-21	15
-21	14
-22	14
-23	14
-23	13
-24	13
-23	13
-24	13
-24	14
-25	14
-24	14
-23	14
-23	13
-23	12
-24	12
-24	11
-23	11
-23	12
-23	11
-24	11
-24	12
-24	13
-25	13
-25	14
-25	15
-25	16
-24	16
-25	16
-24	16
-23	16
-22	16
-22	15
-21	15
-21	14
-21	15
-20	15
-20	16
-20	17
-21	17
-22	17
-21	17
-21	16
-21	15
-21	14
-22	14
-22	15
-22	14
-23	14
-23	13
-23	12
-22	12
-21	12
-20	12
-20	11
-20	12
-21	12
-20	12
-21	12
-20	12
-20	13
-21	13
-21	14
-20	14
-20	13
-19	13
-20	13
-20	12
-20	13
-19	13
-20	13
-20	12
-19	12
-19	13
-19	12
-18	12
-18	11
-17	11
-16	11
-17	11
-17	10
-17	9
-18	9
-18	8
-18	7
-19	7
-19	8
-19	9
-20	9
-20	8
-21	8
-20	8
-21	8
-20	8
-20	9
-20	10
-19	10
-19	9
-19	10
-19	11
-19	10
-19	9
-19	10
-18	10
-18	11
-17	11
-16	11
-16	12
-16	13
-15	13
-15	12
-14	12
-14	11
-15	11
-14	11
-14	10
-13	10
-13	11
-13	12
-13	11
-13	12
-12	12
-12	11
-12	10
-11	10
-10	10
-10	11
-9	11
-9	10
-10	10
-11	10
-11	9
-11	10
-10	10
-10	9
-10	8
-9	8
-9	7
-8	7
-8	8
-7	8
-7	7
-8	7
-7	7
-7	8
-7	7
-6	7
-6	8
-6	9
-7	9
-6	9
-7	9
-8	9
-8	8
-9	8
-9	7
-8	7
-8	6
-7	6
-7	5
-8	5
-9	5
-9	4
-8	4
-9	4
-10	4
-10	3
-10	2
-11	2
-11	1
-11	2
-12	2
-13	2
-12	2
-12	1
-12	0
-12	-1
-12	-2
-12	-1
-11	-1
-11	0
-11	1
-11	0
-10	0
-10	1
-11	1
-10	1
-11	1
-11	2
-10	2
-11	2
-11	1
-11	0
-11	1
-10	1
-11	1
-11	0
-11	-1
-11	0
-11	1
-12	1
-12	0
-11	0
-10	0
-10	-1
-10	-2
-9	-2
-9	-3
-9	-4
-9	-3
-8	-3
-7	-3
-7	-4
-7	-5
-7	-4
-7	-3
-7	-2
-7	-1
-7	-2
-7	-3
-8	-3
-9	-3
-9	-4
-9	-3
-9	-4
-9	-5
-9	-6
-10	-6
-11	-6
-11	-5
-11	-6
-10	-6
-10	-5
-10	-6
-10	-5
-10	-4
-10	-5
-10	-4
-9	-4
-10	-4
-10	-5
-9	-5
-9	-6
-9	-7
-8	-7
-8	-6
-7	-6
-8	-6
-9	-6
-8	-6
-8	-5
-8	-4
-9	-4
-9	-3
-10	-3
-10	-2
-9	-2
-10	-2
-9	-2
-9	-3
-8	-3
-7	-3
-6	-3
-7	-3
-6	-3
-6	-2
-6	-3
-6	-4
-6	-5
-6	-6
-6	-5
-7	-5
-6	-5
-6	-4
-6	-3
-5	-3
-6	-3
-7	-3
-8	-3
-8	-2
-9	-2
-8	-2
-9	-2
-9	-1
-9	0
-9	1
-9	0
-10	0
-10	-1
-10	-2
-10	-1
-9	-1
-8	-1
-8	0
-9	0
-8	0
-9	0
-9	1
-8	1
-9	1
-9	2
-10	2
-9	2
-9	3
-9	2
-10	2
-11	2
-11	3
-10	3
-10	4
-10	3
-10	2
-11	2
-11	3
-10	3
-10	2
-11	2
-10	2
-11	2
-12	2
-11	2
-11	1
-11	0
-10	0
-10	1
-10	2
-10	3
-9	3
-9	2
-9	3
-10	3
-10	4
-9	4
-10	4
-10	3
-9	3
-8	3
-8	4
-9	4
-9	5
-9	4
-9	5
-8	5
-8	6
-9	6
-9	7
-9	8
-9	9
-9	10
-9	9
-8	9
-8	10
-8	9
-8	8
-9	8
-8	8
-8	9
-8	8
-8	9
-8	10
-8	11
-8	10
-9	10
-10	10
-11	10
-12	10
-13	10
-13	9
-12	9
-11	9
-10	9
-10	8
-10	9
-10	10
-10	11
-9	11
-10	11
-11	11
-12	11
-11	11
-12	11
-12	10
-13	10
-13	11
-13	10
-12	10
-13	10
-12	10
-11	10
-11	9
-12	9
-13	9
-13	8
-13	9
-12	9
-12	10
-12	9
-12	8
-12	9
-12	8
-12	7
-12	8
-12	7
-12	8
-12	7
-11	7
-12	7
-12	8
-13	8
-12	8
-12	9
-12	10
-12	9
-12	8
-13	8
-14	8
-13	8
-12	8
-12	7
-11	7
-11	6
-12	6
-12	5
-13	5
-13	4
-13	3
-12	3
-12	2
-13	2
-13	3
-14	3
-15	3
-15	2
-15	3
-14	3
-15	3
-16	3
-17	3
-16	3
-16	4
-16	3
-16	4
-17	4
-17	3
-17	4
-16	4
-17	4
-18	4
-18	5
-19	5
-20	5
-20	6
-19	6
-19	7
-18	7
-17	7
-17	8
-16	8
-16	7
-15	7
-16	7
-17	7
-17	6
-17	7
-16	7
-16	6
-15	6
-16	6
-17	6
-16	6
-16	5
-16	6
-17	6
-18	6
-17	6
-16	6
-17	6
-18	6
-19	6
-19	5
-18	5
-18	6
-18	7
-18	8
-18	7
-18	8
-18	9
-17	9
-17	10
-17	11
-17	12
-16	12
-16	11
-16	12
-17	12
-17	11
-16	11
-17	11
-18	11
-19	11
-19	10
-20	10
-19	10
-20	10
-19	10
-19	11
-20	11
-21	11
-21	10
-20	10
-21	10
-20	10
-20	11
-20	10
-21	10
-20	10
-19	10
-19	9
-19	10
-20	10
-19	10
-20	10
-21	10
-20	10
-20	9
-20	10
-20	9
-19	9
-18	9
-19	9
-19	8
-19	7
-18	7
-18	6
-18	7
-17	7
-16	7
-16	6
-16	5
-15	5
-14	5
-14	6
-14	7
-14	8
-14	9
-14	8
-15	8
-15	9
-15	8
-15	7
-14	7
-13	7
-14	7
-14	6
-13	6
-14	6
-13	6
-12	6
-12	5
-11	5
-11	4
-12	4
-11	4
-11	3
-12	3
-12	4
-12	3
-12	2
-12	3
-13	3
-13	2
-14	2
-13	2
-13	3
-13	2
-13	3
-13	4
-14	4
-14	3
-13	3
-14	3
-14	2
-14	3
-13	3
-13	2
-13	3
-13	2
-13	1
-14	1
-15	1
-14	1
-14	2
-14	3
-13	3
-12	3
-12	2
-13	2
-12	2
-12	1
-11	1
-11	0
-11	-1
-12	-1
-12	-2
-11	-2
-12	-2
-11	-2
-11	-1
-10	-1
-10	-2
-10	-1
-11	-1
-11	-2
-11	-3
-11	-4
-12	-4
-11	-4
-12	-4
-13	-4
-13	-5
-13	-4
-14	-4
-14	-3
-15	-3
-15	-4
-16	-4
-17	-4
-17	-3
-18	-3
-19	-3
-19	-2
-19	-1
-19	0
-18	0
-17	0
-17	1
-18	1
-18	2
-19	2
-20	2
-20	3
-19	3
-19	4
-19	5
-19	4
-18	4
-18	3
-17	3
-17	2
-18	2
-17	2
-17	3
-16	3
-16	4
-15	4
-15	3
-15	2
-15	1
-15	2
-16	2
-16	3
-16	2
-16	1
-17	1
-17	0
-16	0
-16	-1
-16	0
-17	0
-18	0
-17	0
-16	0
-16	-1
-17	-1
-17	0
-17	-1
-17	-2
-17	-1
-17	-2
-17	-3
-17	-4
-16	-4
-15	-4
-15	-5
-15	-4
-14	-4
-14	-5
-14	-4
-14	-5
-14	-4
-14	-5
-13	-5
-12	-5
-12	-6
-12	-7
-12	-8
-11	-8
-12	-8
-12	-7
-13	-7
-13	-6
-14	-6
-15	-6
-14	-6
-13	-6
-12	-6
-12	-7
-12	-8
-12	-7
-12	-8
-13	-8
-12	-8
-12	-9
-13	-9
-12	-9
-12	-8
-12	-9
-11	-9
-12	-9
-13	-9
-13	-8
-13	-7
-13	-8
-13	-7
-13	-6
-14	-6
-14	-5
-14	-4
-14	-3
-15	-3
-14	-3
-15	-3
-14	-3
-14	-4
-15	-4
-15	-3
-15	-4
-16	-4
-15	-4
-14	-4
-14	-3
-14	-4
-14	-3
-14	-2
-15	-2
-15	-1
-16	-1
-16	0
-16	1
-15	1
-14	1
-15	1
-16	1
-15	1
-14	1
-14	0
-15	0
-15	1
-15	2
-15	1
-14	1
-14	2
-15	2
-15	3
-14	3
-14	4
-15	4
-14	4
-14	3
-14	2
-13	2
-13	3
-14	3
-14	4
-15	4
-15	5
-15	4
-14	4
-15	4
-14	4
-14	5
-14	4
-14	3
-14	2
-14	1
-14	0
-15	0
-15	1
-15	2
-15	1
-15	2
-15	3
-15	4
-14	4
-14	3
-15	3
-15	4
-15	5
-16	5
-16	6
-16	7
-16	6
-17	6
-16	6
-16	7
-15	7
-15	8
-14	8
-14	9
-13	9
-13	10
-14	10
-14	9
-13	9
-13	10
-13	9
-13	8
-12	8
-12	9
-11	9
-10	9
-11	9
-12	9
-12	10
-12	9
-12	10
-11	10
-10	10
-10	9
-11	9
-11	10
-10	10
-10	11
-9	11
-8	11
-8	10
-8	11
-9	11
-9	10
-10	10
-10	9
-9	9
-8	9
-9	9
-8	9
-9	9
-10	9
-9	9
-9	8
-9	7
-8	7
-8	6
-9	6
-10	6
-10	7
-10	8
-9	8
-9	9
-9	10
-9	9
-8	9
-8	8
-8	7
-9	7
-9	6
-8	6
-8	7
-7	7
-8	7
-7	7
-7	6
-7	7
-7	8
-6	8
-5	8
-6	8
-7	8
-8	8
-9	8
-9	9
-9	10
-9	9
-9	10
-8	10
-9	10
-10	10
-10	11
-11	11
-10	11
-10	10
-11	10
-10	10
-11	10
-11	11
-12	11
-13	11
-13	12
-13	11
-13	10
-12	10
-11	10
-11	9
-12	9
-13	9
-13	8
-13	7
-12	7
-12	8
-13	8
-13	7
-13	6
-12	6
-12	5
-11	5
-10	5
-11	5
-12	5
-12	6
-12	7
-13	7
-13	8
-13	7
-13	6
-12	6
-12	7
-12	8
-13	8
-14	8
-14	9
-15	9
-15	8
-15	9
-15	10
-16	10
-16	9
-15	9
-16	9
-15	9
-16	9
-15	9
-14	9
-14	10
-14	11
-13	11
-13	12
-13	13
-14	13
-13	13
-13	12
-12	12
-12	11
-11	11
-11	10
-12	10
-11	10
-10	10
-9	10
-9	9
-9	8
-9	9
-10	9
-10	8
-10	7
-9	7
-9	8
-10	8
-9	8
-8	8
-8	7
-8	6
-8	7
-7	7
-6	7
-7	7
-6	7
-7	7
-6	7
-6	6
-7	6
-7	5
-7	4
-8	4
-7	4
-8	4
-7	4
-7	5
-7	4
-6	4
-6	5
-7	5
-7	6
-7	5
-8	5
-7	5
-7	4
-6	4
-6	3
-5	3
-4	3
-4	2
-4	1
-4	2
-4	1
-3	1
-3	0
-2	0
-2	-1
-1	-1
-1	-2
-2	-2
-1	-2
-2	-2
-1	-2
0	-2
0	-1
1	-1
0	-1
1	-1
1	0
1	-1
1	-2
0	-2
-1	-2
-1	-1
-1	-2
-2	-2
-2	-1
-2	-2
-2	-3
-3	-3
-4	-3
-4	-4
-4	-5
-5	-5
-5	-6
-5	-7
-6	-7
-6	-8
-6	-9
-7	-9
-7	-8
-7	-9
-7	-8
-7	-7
-6	-7
-6	-8
-6	-7
-7	-7
-6	-7
-7	-7
-7	-6
-7	-7
-7	-6
-6	-6
-6	-5
-6	-4
-6	-5
-6	-6
-5	-6
-6	-6
-6	-5
-6	-6
-6	-5
-5	-5
-5	-4
-5	-3
-5	-4
-4	-4
-3	-4
-3	-5
-3	-6
-3	-5
-4	-5
-3	-5
-3	-6
-4	-6
-4	-7
-3	-7
-3	-6
-3	-7
-3	-8
-4	-8
-4	-9
-4	-8
-4	-9
-3	-9
-4	-9
-4	-10
-4	-11
-4	-12
-4	-11
-3	-11
-4	-11
-4	-12
-4	-11
-3	-11
-2	-11
-2	-10
-2	-9
-2	-8
-1	-8
0	-8
0	-9
0	-10
1	-10
0	-10
0	-9
1	-9
1	-10
0	-10
1	-10
0	-10
0	-9
0	-10
1	-10
1	-9
2	-9
2	-10
3	-10
3	-11
2	-11
1	-11
2	-11
2	-10
2	-9
1	-9
1	-8
0	-8
0	-9
-1	-9
-1	-10
0	-10
0	-11
-1	-11
-1	-12
0	-12
1	-12
2	-12
3	-12
3	-13
3	-14
4	-14
3	-14
3	-13
4	-13
4	-14
3	-14
4	-14
3	-14
3	-15
4	-15
5	-15
5	-14
6	-14
6	-13
6	-14
6	-15
6	-16
6	-15
5	-15
4	-15
4	-14
3	-14
2	-14
2	-15
2	-14
1	-14
2	-14
1	-14
0	-14
1	-14
0	-14
0	-15
-1	-15
-1	-16
-1	-17
-1	-16
-2	-16
-2	-17
-1	-17
-1	-16
0	-16
1	-16
1	-17
2	-17
1	-17
0	-17
1	-17
0	-17
0	-18
-1	-18
-1	-17
0	-17
0	-16
0	-17
1	-17
1	-18
1	-17
2	-17
1	-17
2	-17
2	-16
3	-16
3	-17
3	-18
4	-18
4	-19
4	-18
4	-19
4	-20
4	-19
5	-19
5	-20
4	-20
5	-20
6	-20
6	-19
5	-19
6	-19
6	-20
5	-20
5	-21
6	-21
6	-22
6	-21
6	-22
6	-23
6	-22
6	-21
7	-21
7	-22
7	-21
7	-20
8	-20
8	-19
8	-18
8	-17
9	-17
9	-18
10	-18
11	-18
11	-17
11	-16
11	-17
12	-17
12	-16
13	-16
13	-15
13	-16
13	-15
13	-14
12	-14
13	-14
12	-14
12	-13
11	-13
10	-13
10	-12
10	-13
10	-14
10	-13
9	-13
9	-12
9	-13
9	-14
8	-14
8	-13
9	-13
9	-14
9	-13
10	-13
10	-14
10	-15
9	-15
9	-16
9	-17
9	-18
10	-18
10	-17
10	-18
10	-17
10	-18
10	-17
9	-17
8	-17
7	-17
8	-17
9	-17
9	-18
9	-19
10	-19
10	-18
9	-18
9	-17
9	-16
9	-15
10	-15
10	-16
9	-16
9	-17
10	-17
10	-18
10	-19
11	-19
11	-18
10	-18
11	-18
12	-18
12	-19
11	-19
11	-20
12	-20
12	-19
13	-19
12	-19
12	-20
12	-21
12	-22
13	-22
12	-22
11	-22
12	-22
12	-23
13	-23
12	-23
13	-23
12	-23
11	-23
11	-24
11	-23
10	-23
11	-23
12	-23
12	-22
13	-22
13	-21
14	-21
14	-20
13	-20
13	-21
13	-22
12	-22
13	-22
14	-22
14	-23
13	-23
14	-23
13	-23
13	-22
14	-22
15	-22
16	-22
16	-21
17	-21
17	-20
17	-21
17	-20
18	-20
17	-20
17	-19
17	-18
18	-18
17	-18
17	-17
17	-16
17	-17
17	-18
16	-18
17	-18
17	-17
16	-17
16	-18
16	-19
15	-19
16	-19
16	-20
16	-19
17	-19
17	-18
17	-19
18	-19
17	-19
17	-20
17	-19
16	-19
16	-18
16	-17
16	-18
16	-17
16	-18
16	-17
15	-17
16	-17
16	-18
16	-19
15	-19
14	-19
13	-19
14	-19
13	-19
14	-19
13	-19
13	-18
14	-18
14	-17
14	-16
14	-17
13	-17
12	-17
13	-17
12	-17
11	-17
10	-17
9	-17
10	-17
10	-16
10	-17
9	-17
9	-16
10	-16
9	-16
8	-16
7	-16
6	-16
6	-15
5	-15
6	-15
6	-16
6	-15
7	-15
7	-14
7	-13
7	-14
7	-15
6	-15
6	-14
6	-13
6	-12
7	-12
7	-13
6	-13
5	-13
4	-13
4	-12
5	-12
5	-13
5	-14
6	-14
6	-13
7	-13
8	-13
8	-14
7	-14
7	-15
7	-14
7	-15
6	-15
5	-15
5	-16
5	-17
5	-18
6	-18
6	-17
5	-17
6	-17
6	-18
7	-18
7	-17
7	-16
8	-16
8	-15
9	-15
9	-16
9	-17
8	-17
8	-18
7	-18
7	-17
7	-18
7	-19
7	-18
8	-18
8	-19
8	-20
8	-21
8	-20
8	-21
7	-21
7	-22
6	-22
6	-21
5	-21
5	-22
5	-23
5	-22
5	-23
4	-23
3	-23
3	-22
4	-22
3	-22
2	-22
3	-22
3	-21
3	-20
2	-20
2	-19
3	-19
3	-20
3	-19
4	-19
4	-18
4	-17
4	-18
5	-18
5	-17
5	-16
5	-17
5	-18
6	-18
5	-18
5	-17
5	-18
5	-17
6	-17
6	-16
6	-15
6	-16
6	-17
6	-18
7	-18
7	-17
7	-16
7	-15
7	-16
7	-17
7	-18
8	-18
8	-19
8	-20
7	-20
7	-21
7	-20
7	-21
7	-22
7	-21
7	-20
8	-20
8	-19
9	-19
9	-18
10	-18
9	-18
10	-18
9	-18
9	-19
9	-18
9	-19
8	-19
8	-18
8	-19
7	-19
6	-19
7	-19
7	-20
6	-20
7	-20
7	-21
7	-22
8	-22
8	-23
8	-22
9	-22
10	-22
11	-22
11	-23
10	-23
9	-23
9	-24
10	-24
9	-24
9	-23
10	-23
10	-22
10	-21
10	-22
11	-22
11	-23
10	-23
9	-23
10	-23
10	-22
10	-21
10	-22
9	-22
9	-21
8	-21
8	-22
8	-21
8	-20
8	-21
9	-21
8	-21
8	-22
8	-21
8	-22
8	-23
9	-23
9	-22
9	-23
9	-22
10	-22
11	-22
11	-21
11	-20
11	-19
11	-18
10	-18
10	-17
10	-18
10	-17
9	-17
9	-16
8	-16
7	-16
8	-16
9	-16
10	-16
10	-17
10	-16
10	-15
10	-16
9	-16
10	-16
10	-17
10	-18
10	-19
9	-19
10	-19
10	-18
10	-17
10	-16
10	-15
10	-14
10	-15
10	-16
10	-17
11	-17
11	-16
11	-15
12	-15
11	-15
11	-16
11	-15
11	-14
11	-13
10	-13
10	-12
10	-11
9	-11
8	-11
8	-12
8	-11
8	-10
8	-11
9	-11
10	-11
10	-12
10	-13
10	-12
11	-12
12	-12
11	-12
10	-12
9	-12
9	-11
8	-11
7	-11
6	-11
6	-12
6	-13
5	-13
4	-13
3	-13
4	-13
5	-13
6	-13
5	-13
5	-12
4	-12
4	-11
5	-11
5	-10
4	-10
4	-9
4	-8
4	-9
3	-9
4	-9
4	-10
5	-10
5	-9
6	-9
5	-9
5	-10
4	-10
5	-10
5	-9
6	-9
5	-9
5	-8
5	-9
5	-8
5	-9
4	-9
4	-8
4	-9
3	-9
4	-9
4	-8
5	-8
4	-8
3	-8
2	-8
2	-7
3	-7
3	-8
4	-8
4	-9
4	-10
5	-10
5	-11
6	-11
7	-11
6	-11
7	-11
6	-11
5	-11
4	-11
4	-12
4	-11
4	-12
4	-13
4	-14
4	-15
3	-15
3	-14
3	-15
3	-14
2	-14
2	-13
2	-12
3	-12
3	-13
4	-13
4	-12
4	-13
4	-14
3	-14
3	-15
3	-16
2	-16
1	-16
2	-16
1	-16
2	-16
3	-16
3	-15
3	-16
2	-16
3	-16
3	-15
2	-15
3	-15
4	-15
4	-14
3	-14
3	-13
3	-12
3	-13
3	-14
2	-14
2	-13
2	-14
2	-13
2	-12
3	-12
3	-11
3	-10
3	-11
4	-11
5	-11
5	-10
5	-11
5	-10
5	-11
5	-12
5	-11
5	-10
5	-11
6	-11
5	-11
6	-11
5	-11
4	-11
5	-11
6	-11
6	-10
5	-10
5	-9
6	-9
6	-8
6	-9
6	-8
6	-7
6	-6
6	-7
5	-7
4	-7
4	-6
4	-5
4	-6
4	-5
3	-5
3	-6
2	-6
1	-6
0	-6
1	-6
2	-6
1	-6
1	-5
0	-5
-1	-5
0	-5
0	-4
0	-5
0	-4
-1	-4
-1	-3
-2	-3
-3	-3
-3	-4
-4	-4
-3	-4
-3	-3
-3	-4
-2	-4
-2	-5
-3	-5
-3	-4
-3	-3
-4	-3
-4	-4
-3	-4
-3	-3
-4	-3
-4	-4
-3	-4
-3	-5
-3	-6
-4	-6
-3	-6
-4	-6
-4	-5
-4	-4
-4	-5
-3	-5
-4	-5
-4	-4
-5	-4
-4	-4
-3	-4
-3	-3
-3	-4
-3	-3
-4	-3
-5	-3
-6	-3
-7	-3
-7	-2
-7	-3
-7	-4
-7	-5
-7	-6
-7	-7
-7	-6
-7	-5
-8	-5
-8	-4
-7	-4
-8	-4
-7	-4
-7	-3
-6	-3
-6	-2
-7	-2
-7	-3
-7	-2
-6	-2
-6	-1
-6	-2
-6	-1
-7	-1
-7	0
-6	0
-5	0
-5	-1
-5	-2
-6	-2
-7	-2
-6	-2
-7	-2
-7	-1
-6	-1
-6	0
-6	1
-6	2
-6	1
-6	0
-7	0
-7	-1
-7	0
-8	0
-8	1
-9	1
-8	1
-8	0
-8	1
-8	2
-7	2
-7	1
-7	2
-7	3
-7	4
-8	4
-9	4
-10	4
-11	4
-11	5
-10	5
-10	6
-10	7
-11	7
-12	7
-12	8
-11	8
-11	7
-11	6
-11	5
-11	4
-12	4
-13	4
-13	5
-12	5
-11	5
-11	4
-10	4
-10	3
-10	4
-11	4
-10	4
-10	5
-9	5
-9	6
-9	5
-9	4
-8	4
-8	5
-8	6
-8	7
-9	7
-10	7
-11	7
-10	7
-10	8
-9	8
-8	8
-8	9
-8	8
-8	7
-7	7
-7	8
-8	8
-9	8
-10	8
-11	8
-12	8
-12	7
-13	7
-12	7
-13	7
-14	7
-14	8
-15	8
-14	8
-14	9
-14	10
-13	10
-14	10
-14	9
-14	10
-13	10
-14	10
-13	10
-13	11
-12	11
-12	12
-13	12
-13	13
-12	13
-12	14
-13	14
-14	14
-13	14
-13	15
-13	16
-14	16
-14	15
-13	15
-13	16
-13	15
-14	15
-13	15
-13	16
-13	17
-12	17
-12	16
-13	16
-13	17
-13	18
-14	18
-14	17
-15	17
-15	18
-15	17
-14	17
-14	18
-13	18
-14	18
-15	18
-15	19
-14	19
-14	20
-13	20
-12	20
-13	20
-13	21
-13	20
-13	21
-13	22
-12	22
-12	23
-11	23
-10	23
-10	22
-10	23
-10	24
-11	24
-10	24
-10	23
-9	23
-9	22
-10	22
-10	21
-9	21
-10	21
-10	20
-10	21
-10	20
-10	21
-9	21
-9	22
-9	23
-9	24
-9	25
-10	25
-10	24
-11	24
-11	25
-11	26
-10	26
-11	26
-12	26
-11	26
-11	25
-12	25
-13	25
-13	26
-13	27
-13	26
-12	26
-12	27
-13	27
-13	26
-13	27
-13	26
-13	27
-12	27
-11	27
-10	27
-11	27
-10	27
-10	28
-9	28
-9	29
-9	28
-9	27
-9	28
-9	29
-9	30
-10	30
-11	30
-11	29
-11	30
-12	30
-12	29
-12	28
-12	29
-12	30
-12	31
-12	32
-12	33
-12	32
-11	32
-11	33
-10	33
-10	32
-11	32
-11	33
-11	32
-11	31
-10	31
-9	31
-9	32
-8	32
-9	32
-8	32
-8	31
-8	30
-9	30
-9	31
-9	32
-8	32
-7	32
-7	31
-7	30
-6	30
-7	30
-6	30
-6	31
-5	31
-6	31
-6	30
-6	29
-7	29
-6	29
-6	28
-6	29
-6	28
-5	28
-5	29
-6	29
-5	29
-5	30
-4	30
-4	31
-3	31
-2	31
-2	32
-2	31
-2	30
-3	30
-3	31
-3	30
-3	29
-2	29
-2	28
-1	28
-1	27
-1	26
-2	26
-2	25
-3	25
-3	26
-4	26
-3	26
-4	26
-5	26
-5	27
-5	28
-5	27
-5	26
-4	26
-3	26
-3	27
-2	27
-2	28
-2	29
-2	30
-2	29
-1	29
0	29
-1	29
-2	29
-1	29
-2	29
-3	29
-3	28
-4	28
-5	28
-5	27
-4	27
-4	28
-4	29
-5	29
-5	28
-5	29
-4	29
-5	29
-5	28
-5	29
-5	30
-6	30
-7	30
-7	31
-6	31
-7	31
-7	30
-7	31
-7	30
-8	30
-9	30
-8	30
-8	31
-7	31
-6	31
-6	30
-6	29
-6	28
-6	29
-6	30
-7	30
-7	31
-8	31
-7	31
-7	30
-8	30
-8	31
-7	31
-6	31
-6	32
-7	32
-8	32
-7	32
-6	32
-6	31
-5	31
-5	30
-6	30
-6	31
-6	30
-6	31
-5	31
-5	30
-6	30
-5	30
-4	30
-5	30
-5	29
-5	28
-5	27
-5	28
-6	28
-6	29
-5	29
-6	29
-6	30
-7	30
-6	30
-6	31
-6	30
-6	31
-5	31
-5	32
-5	33
-4	33
-4	34
-5	34
-4	34
-3	34
-3	33
-3	32
-4	32
-3	32
-4	32
-4	33
-3	33
-3	32
-3	31
-2	31
-3	31
-4	31
-5	31
-5	32
-4	32
-5	32
-5	31
-5	32
-4	32
-4	31
-4	30
-3	30
-3	31
-3	30
-4	30
-4	29
-4	28
-3	28
-3	29
-3	28
-3	29
-3	30
-3	29
-3	28
-3	29
-4	29
-3	29
-4	29
-4	30
-3	30
-4	30
-4	29
-4	28
-3	28
-3	29
-3	28
-3	27
-2	27
-2	28
-2	27
-1	27
0	27
1	27
0	27
0	26
0	25
0	26
0	25
0	24
-1	24
-1	23
0	23
1	23
0	23
1	23
1	24
2	24
2	25
2	24
2	25
2	26
1	26
1	27
2	27
2	26
1	26
2	26
1	26
1	25
1	26
0	26
1	26
1	27
1	26
0	26
1	26
0	26
1	26
2	26
2	27
2	26
2	25
1	25
1	24
1	25
0	25
0	26
-1	26
-1	25
-1	26
0	26
1	26
1	25
1	26
1	27
1	26
2	26
2	27
2	28
3	28
2	28
3	28
3	29
3	28
3	27
4	27
5	27
5	28
6	28
7	28
7	27
8	27
8	26
7	26
7	25
7	26
8	26
9	26
9	25
10	25
10	26
10	25
10	26
10	27
10	28
9	28
10	28
9	28
10	28
9	28
8	28
7	28
6	28
7	28
6	28
5	28
6	28
6	27
7	27
7	28
7	27
7	26
7	27
7	26
6	26
7	26
8	26
7	26
7	27
8	27
8	26
8	25
9	25
10	25
11	25
10	25
10	24
10	25
11	25
12	25
13	25
13	24
13	23
13	22
14	22
14	23
14	24
15	24
16	24
16	25
16	26
17	26
17	27
17	26
17	25
17	24
17	23
18	23
17	23
17	24
17	25
16	25
17	25
16	25
16	24
16	25
16	26
15	26
15	25
14	25
14	24
14	23
13	23
12	23
11	23
10	23
10	22
11	22
11	21
12	21
12	22
12	23
12	24
12	23
13	23
13	24
13	23
14	23
14	24
14	25
14	26
14	25
14	24
13	24
12	24
11	24
11	23
11	22
11	23
11	22
11	23
11	24
10	24
10	23
10	22
10	23
10	24
10	23
10	24
11	24
12	24
12	23
12	24
12	25
11	25
11	26
10	26
10	27
10	28
11	28
11	27
11	26
12	26
12	25
12	26
11	26
10	26
10	27
10	28
10	27
11	27
10	27
11	27
11	26
11	27
12	27
13	27
13	26
13	25
12	25
12	24
12	23
12	24
12	25
13	25
13	24
13	23
13	22
13	23
13	24
13	23
14	23
15	23
15	22
15	21
14	21
13	21
13	22
13	21
13	20
13	21
14	21
14	22
13	22
13	21
13	20
12	20
13	20
12	20
11	20
10	20
9	20
9	21
10	21
11	21
10	21
11	21
11	20
10	20
10	21
10	22
9	22
8	22
8	23
7	23
7	24
7	23
8	23
8	22
8	21
8	20
8	21
8	20
8	21
8	20
8	19
9	19
8	19
8	18
8	17
9	17
8	17
7	17
6	17
5	17
5	16
5	17
4	17
3	17
4	17
4	16
5	16
4	16
4	17
4	18
5	18
5	17
5	18
6	18
6	17
7	17
8	17
9	17
10	17
9	17
10	17
10	16
9	16
8	16
7	16
6	16
6	15
6	16
6	17
5	17
5	16
6	16
6	15
5	15
5	14
5	13
4	13
4	12
3	12
4	12
4	13
3	13
3	12
2	12
2	11
1	11
1	10
2	10
2	9
2	8
1	8
1	7
0	7
0	8
0	9
0	10
1	10
1	11
0	11
0	12
0	11
-1	11
-2	11
-3	11
-2	11
-2	12
-3	12
-4	12
-3	12
-3	13
-4	13
-4	14
-4	13
-5	13
-4	13
-4	12
-4	13
-4	12
-3	12
-2	12
-2	11
-3	11
-2	11
-2	12
-2	11
-2	12
-2	11
-1	11
-1	10
-2	10
-2	11
-3	11
-3	12
-3	11
-3	12
-3	13
-3	14
-2	14
-1	14
-1	15
-1	16
-1	15
-1	14
0	14
-1	14
0	14
1	14
1	13
2	13
3	13
4	13
4	12
4	11
5	11
5	12
4	12
3	12
3	13
3	12
3	13
3	12
4	12
5	12
6	12
7	12
7	13
6	13
6	14
6	15
5	15
5	14
4	14
3	14
3	13
3	12
4	12
4	11
5	11
6	11
6	10
7	10
7	11
7	10
7	9
6	9
6	10
5	10
6	10
5	10
5	11
4	11
4	12
3	12
2	12
1	12
1	11
2	11
3	11
4	11
4	12
4	11
4	10
4	9
3	9
3	8
3	7
3	6
2	6
2	5
2	4
1	4
2	4
3	4
2	4
3	4
3	3
3	2
3	1
4	1
4	2
4	3
3	3
3	2
3	1
3	2
3	3
2	3
2	4
1	4
1	3
1	2
0	2
0	1
0	0
0	1
-1	1
-2	1
-1	1
0	1
0	2
0	1
0	0
-1	0
0	0
0	1
-1	1
-1	0
-1	1
-1	2
0	2
-1	2
-2	2
-3	2
-4	2
-5	2
-4	2
-3	2
-2	2
-3	2
-4	2
-3	2
-3	3
-3	4
-3	3
-2	3
-3	3
-3	4
-3	3
-4	3
-5	3
-4	3
-5	3
-6	3
-7	3
-7	2
-6	2
-6	3
-6	2
-6	3
-7	3
-7	2
-6	2
-5	2
-6	2
-7	2
-7	1
-8	1
-9	1
-8	1
-8	2
-8	3
-7	3
-8	3
-8	2
-8	1
-8	0
-8	1
-8	2
-9	2
-8	2
-8	1
-8	0
-8	-1
-9	-1
-10	-1
-11	-1
-12	-1
-12	-2
-12	-1
-12	-2
-12	-1
-11	-1
-10	-1
-11	-1
-11	-2
-12	-2
-12	-1
-12	0
-12	1
-12	2
-13	2
-13	1
-13	2
-13	3
-14	3
-14	4
-13	4
-12	4
-13	4
-14	4
-14	5
-15	5
-15	6
-14	6
-13	6
-13	5
-13	4
-14	4
-15	4
-14	4
-15	4
-14	4
-14	5
-15	5
-15	4
-14	4
-14	5
-13	5
-14	5
-15	5
-16	5
-16	6
-16	7
-15	7
-16	7
-15	7
-15	8
-16	8
-15	8
-14	8
-14	9
-15	9
-15	8
-15	7
-16	7
-16	6
-16	5
-16	6
-17	6
-17	7
-18	7
-17	7
-18	7
-17	7
-17	6
-17	7
-16	7
-15	7
-16	7
-17	7
-17	6
-17	7
-17	6
-17	7
-17	8
-18	8
-18	9
-18	8
-18	9
-19	9
-18	9
-19	9
-18	9
-18	8
-18	9
-18	8
-18	7
-17	7
-17	8
-17	9
-18	9
-18	8
-19	8
-19	9
-19	8
-20	8
-20	7
-19	7
-20	7
-20	8
-20	7
-21	7
-21	6
-21	5
-21	4
-20	4
-20	5
-20	6
-19	6
-20	6
-19	6
-18	6
-18	7
-17	7
-16	7
-17	7
-16	7
-16	6
-16	5
-16	6
-16	7
-17	7
-17	8
-16	8
-16	7
-15	7
-16	7
-16	6
-16	7
-16	8
-15	8
-14	8
-14	7
-13	7
-13	6
-13	5
-12	5
-11	5
-10	5
-10	6
-10	5
-9	5
-10	5
-9	5
-9	6
-10	6
-10	5
-11	5
-12	5
-12	4
-12	3
-11	3
-11	4
-10	4
-9	4
-9	5
-9	6
-10	6
-9	6
-10	6
-9	6
-9	7
-9	6
-9	5
-9	6
-10	6
-10	5
-11	5
-11	4
-11	3
-11	2
-12	2
-11	2
-12	2
-12	1
-13	1
-13	2
-14	2
-13	2
-13	1
-13	2
-13	1
-13	0
-14	0
-13	0
-12	0
-11	0
-12	0
-12	-1
-11	-1
-11	0
-11	-1
-12	-1
-11	-1
-11	-2
-11	-3
-12	-3
-13	-3
-13	-2
-14	-2
-15	-2
-15	-1
-14	-1
-15	-1
-15	-2
-15	-3
-15	-2
-15	-1
-16	-1
-16	0
-15	0
-15	-1
-15	0
-14	0
-15	0
-16	0
-15	0
-15	-1
-14	-1
-13	-1
-13	-2
-14	-2
-14	-3
-14	-2
-15	-2
-16	-2
-16	-1
-16	0
-15	0
-15	-1
-15	-2
-16	-2
-16	-1
-15	-1
-15	0
-15	1
-14	1
-15	1
-16	1
-17	1
-16	1
-17	1
-18	1
-19	1
-19	0
-19	1
-18	1
-17	1
-16	1
-16	2
-15	2
-14	2
-14	1
-14	0
-15	0
-16	0
-17	0
-17	-1
-16	-1
-17	-1
-18	-1
-18	-2
-18	-1
-18	-2
-17	-2
-17	-3
-16	-3
-15	-3
-16	-3
-17	-3
-17	-4
-18	-4
-18	-3
-18	-2
-17	-2
-17	-1
-17	-2
-17	-1
-17	0
-17	-1
-18	-1
-18	0
-18	-1
-19	-1
-19	0
-19	1
-18	1
-18	0
-18	1
-17	1
-18	1
-18	0
-17	0
-17	-1
-17	-2
-17	-1
-17	-2
-16	-2
-16	-1
-16	0
-16	-1
-16	0
-15	0
-14	0
-14	-1
-14	0
-15	0
-16	0
-16	-1
-16	-2
-16	-1
-16	0
-16	1
-16	2
-15	2
-16	2
-16	1
-15	1
-16	1
-15	1
-15	2
-14	2
-13	2
-14	2
-13	2
-13	1
-13	0
-13	-1
-13	-2
-13	-1
-13	0
-13	-1
-14	-1
-15	-1
-15	-2
-16	-2
-16	-3
-17	-3
-16	-3
-17	-3
-17	-2
-18	-2
-17	-2
-17	-3
-16	-3
-15	-3
-16	-3
-16	-4
-16	-3
-15	-3
-15	-4
-15	-5
-15	-4
-15	-5
-15	-4
-15	-3
-15	-4
-15	-3
-15	-2
-15	-3
-16	-3
-17	-3
-18	-3
-18	-2
-17	-2
-17	-1
-17	-2
-16	-2
-15	-2
-14	-2
-14	-3
-14	-2
-15	-2
-14	-2
-14	-1
-15	-1
-14	-1
-14	-2
-15	-2
-16	-2
-16	-3
-16	-2
-16	-1
-16	0
-16	1
-16	0
-17	0
-16	0
-15	0
-15	-1
-15	-2
-15	-3
-16	-3
-16	-2
-16	-1
-16	-2
-16	-3
-16	-2
-15	-2
-15	-3
-15	-2
-15	-3
-15	-2
-14	-2
-14	-3
-14	-4
-14	-5
-13	-5
-14	-5
-14	-4
-15	-4
-16	-4
-16	-5
-15	-5
-15	-6
-15	-5
-14	-5
-15	-5
-16	-5
-15	-5
-16	-5
-17	-5
-16	-5
-15	-5
-15	-6
-16	-6
-15	-6
-15	-7
-15	-8
-14	-8
-14	-9
-14	-8
-13	-8
-13	-7
-14	-7
-13	-7
-12	-7
-13	-7
-12	-7
-12	-8
-11	-8
-11	-9
-12	-9
-12	-10
-11	-10
-11	-9
-11	-8
-10	-8
-9	-8
-9	-9
-9	-8
-10	-8
-10	-7
-11	-7
-11	-8
-11	-7
-10	-7
-10	-8
-10	-7
-9	-7
-8	-7
-7	-7
-8	-7
-8	-6
-9	-6
-8	-6
-8	-5
-8	-6
-8	-7
-9	-7
-10	-7
-10	-8
-11	-8
-10	-8
-10	-9
-11	-9
-12	-9
-11	-9
-11	-10
-12	-10
-11	-10
-10	-10
-10	-9
-10	-8
-11	-8
-10	-8
-10	-9
-10	-10
-9	-10
-8	-10
-8	-11
-8	-10
-8	-9
-9	-9
-10	-9
-10	-10
-11	-10
-10	-10
-10	-11
-11	-11
-12	-11
-13	-11
-13	-10
-13	-9
-14	-9
-13	-9
-12	-9
-12	-8
-12	-7
-12	-8
-11	-8
-12	-8
-11	-8
-11	-7
-11	-8
-11	-9
-11	-8
-11	-9
-12	-9
-13	-9
-13	-10
-14	-10
-14	-11
-14	-10
-13	-10
-13	-9
-13	-8
-13	-9
-13	-8
-12	-8
-12	-7
-11	-7
-12	-7
-12	-8
-12	-7
-12	-6
-11	-6
-11	-5
-12	-5
-12	-4
-12	-3
-12	-4
-12	-5
-12	-4
-11	-4
-11	-5
-10	-5
-10	-4
-10	-5
-10	-6
-10	-7
-11	-7
-11	-6
-11	-7
-10	-7
-11	-7
-10	-7
-10	-6
-10	-5
-11	-5
-11	-4
-11	-5
-12	-5
-11	-5
-12	-5
-11	-5
-12	-5
-13	-5
-14	-5
-13	-5
-12	-5
-12	-6
-11	-6
-10	-6
-9	-6
-8	-6
-7	-6
-7	-5
-8	-5
-8	-6
-7	-6
-8	-6
-9	-6
-10	-6
-10	-5
-11	-5
-10	-5
-10	-4
-10	-5
-11	-5
-10	-5
-10	-4
-11	-4
-11	-5
-12	-5
-11	-5
-11	-6
-10	-6
-10	-7
-10	-6
-10	-5
-10	-6
-9	-6
-9	-5
-8	-5
-8	-4
-8	-3
-7	-3
-8	-3
-7	-3
-7	-4
-7	-5
-8	-5
-8	-4
-8	-3
-8	-4
-7	-4
-8	-4
-8	-3
-7	-3
-7	-2
-7	-1
-8	-1
-8	-2
-7	-2
-6	-2
-5	-2
-4	-2
-4	-1
-4	-2
-5	-2
-6	-2
-6	-3
-6	-4
-5	-4
-5	-5
-4	-5
-4	-4
-4	-5
-4	-6
-4	-5
-4	-6
-4	-7
-3	-7
-3	-6
-2	-6
-2	-7
-2	-6
-2	-7
-1	-7
-1	-6
-1	-5
-2	-5
-2	-6
-1	-6
-1	-7
0	-7
0	-6
1	-6
1	-5
2	-5
1	-5
1	-6
2	-6
2	-5
2	-6
3	-6
2	-6
2	-5
3	-5
2	-5
2	-6
2	-7
2	-6
3	-6
4	-6
3	-6
3	-7
3	-6
2	-6
3	-6
3	-7
3	-8
2	-8
1	-8
2	-8
1	-8
0	-8
0	-7
-1	-7
-1	-8
-2	-8
-1	-8
-1	-9
-2	-9
-3	-9
-3	-10
-4	-10
-3	-10
-3	-9
-4	-9
-4	-10
-4	-9
-5	-9
-4	-9
-4	-8
-5	-8
-6	-8
-5	-8
-4	-8
-3	-8
-3	-7
-3	-8
-2	-8
-2	-9
-3	-9
-2	-9
-2	-8
-1	-8
-1	-7
-1	-8
0	-8
0	-9
1	-9
1	-10
0	-10
-1	-10
-1	-11
0	-11
0	-12
1	-12
1	-13
1	-14
1	-13
1	-12
1	-13
1	-14
2	-14
1	-14
2	-14
3	-14
3	-15
3	-14
4	-14
4	-15
5	-15
4	-15
4	-16
3	-16
3	-17
3	-16
2	-16
2	-17
3	-17
2	-17
2	-18
1	-18
1	-17
0	-17
0	-18
0	-17
0	-18
0	-19
1	-19
1	-18
2	-18
3	-18
4	-18
4	-17
3	-17
4	-17
3	-17
2	-17
2	-16
1	-16
1	-15
0	-15
0	-14
0	-13
1	-13
2	-13
2	-14
1	-14
2	-14
2	-15
2	-14
3	-14
2	-14
2	-15
2	-16
1	-16
2	-16
1	-16
1	-15
1	-14
2	-14
1	-14
1	-13
2	-13
2	-14
3	-14
3	-13
3	-12
2	-12
2	-13
2	-14
3	-14
3	-13
3	-12
2	-12
2	-11
2	-10
2	-9
3	-9
2	-9
2	-8
1	-8
0	-8
1	-8
1	-7
0	-7
-1	-7
-2	-7
-1	-7
0	-7
1	-7
1	-6
0	-6
0	-5
0	-4
0	-3
-1	-3
-1	-4
-2	-4
-2	-3
-3	-3
-3	-2
-4	-2
-4	-3
-5	-3
-4	-3
-4	-2
-3	-2
-4	-2
-5	-2
-5	-3
-4	-3
-4	-2
-5	-2
-4	-2
-5	-2
-4	-2
-5	-2
-5	-1
-5	0
-5	-1
-5	0
-6	0
-6	1
-6	0
-5	0
-6	0
-6	1
-6	0
-5	0
-5	-1
-6	-1
-7	-1
-7	0
-8	0
-8	1
-9	1
-8	1
-8	2
-8	3
-9	3
-9	4
-9	5
-9	4
-9	3
-9	4
-10	4
-10	3
-9	3
-8	3
-8	4
-8	3
-8	4
-8	3
-7	3
-6	3
-5	3
-6	3
-7	3
-6	3
-6	2
-6	3
-7	3
-7	4
-7	3
-6	3
-7	3
-8	3
-7	3
-6	3
-6	2
-6	1
-6	2
-5	2
-5	1
-4	1
-5	1
-5	2
-4	2
-5	2
-5	3
-5	4
-6	4
-6	3
-6	4
-6	3
-5	3
-5	4
-6	4
-7	4
-7	5
-7	6
-6	6
-5	6
-6	6
-5	6
-5	7
-4	7
-5	7
-6	7
-6	8
-6	9
-6	10
-7	10
-8	10
-7	10
-7	9
-6	9
-7	9
-7	8
-7	7
-6	7
-6	8
-6	9
-5	9
-6	9
-6	10
-5	10
-5	9
-5	8
-5	7
-5	8
-4	8
-3	8
-3	9
-4	9
-3	9
-4	9
-4	8
-4	7
-4	8
-3	8
-3	9
-4	9
-4	8
-4	7
-4	6
-5	6
-4	6
-5	6
-5	7
-5	6
-5	5
-6	5
-6	6
-6	5
-5	5
-6	5
-5	5
-4	5
-4	6
-4	5
-4	6
-4	7
-3	7
-3	6
-2	6
-2	7
-3	7
-2	7
-1	7
-1	6
-1	7
-1	8
-2	8
-1	8
0	8
0	9
-1	9
0	9
1	9
2	9
3	9
3	8
2	8
2	9
2	8
2	7
3	7
3	6
4	6
4	7
4	6
3	6
3	5
3	4
3	5
4	5
4	6
5	6
6	6
6	7
6	6
6	7
6	6
6	7
5	7
5	6
5	5
6	5
7	5
7	4
8	4
8	5
8	4
8	3
8	2
7	2
7	1
7	0
6	0
6	-1
6	0
6	1
5	1
5	2
5	3
6	3
6	4
5	4
6	4
5	4
6	4
6	3
7	3
7	2
7	3
6	3
6	2
7	2
7	1
8	1
9	1
10	1
10	2
10	1
11	1
12	1
11	1
11	0
12	0
13	0
13	-1
13	0
13	1
12	1
11	1
11	0
10	0
11	0
11	1
10	1
10	0
9	0
8	0
9	0
9	1
9	0
9	-1
10	-1
11	-1
10	-1
11	-1
11	0
11	-1
10	-1
11	-1
11	-2
10	-2
9	-2
9	-3
8	-3
7	-3
6	-3
7	-3
8	-3
9	-3
9	-4
9	-5
8	-5
8	-6
8	-5
8	-4
8	-5
8	-6
8	-7
8	-8
8	-7
8	-8
7	-8
6	-8
7	-8
8	-8
7	-8
7	-7
7	-8
7	-7
6	-7
6	-8
6	-9
7	-9
6	-9
5	-9
5	-10
6	-10
5	-10
6	-10
6	-9
6	-8
6	-9
7	-9
7	-8
7	-7
6	-7
7	-7
7	-6
7	-5
7	-6
6	-6
7	-6
6	-6
7	-6
8	-6
7	-6
7	-7
6	-7
5	-7
6	-7
7	-7
7	-6
8	-6
8	-5
9	-5
9	-6
10	-6
10	-5
10	-4
11	-4
10	-4
10	-5
11	-5
11	-6
12	-6
11	-6
11	-5
11	-4
11	-5
11	-6
12	-6
11	-6
12	-6
12	-7
12	-8
13	-8
12	-8
11	-8
10	-8
11	-8
11	-9
11	-10
10	-10
11	-10
12	-10
11	-10
11	-11
12	-11
12	-12
12	-11
12	-10
11	-10
12	-10
11	-10
10	-10
10	-9
11	-9
11	-10
10	-10
11	-10
10	-10
10	-11
9	-11
8	-11
7	-11
7	-10
7	-11
8	-11
9	-11
8	-11
8	-10
9	-10
9	-9
10	-9
10	-8
10	-7
10	-8
11	-8
10	-8
10	-9
9	-9
10	-9
10	-8
9	-8
9	-9
10	-9
11	-9
12	-9
13	-9
12	-9
13	-9
12	-9
11	-9
11	-10
11	-9
12	-9
13	-9
13	-8
13	-7
13	-6
14	-6
14	-7
13	-7
12	-7
12	-8
12	-9
13	-9
12	-9
12	-10
12	-11
12	-10
11	-10
11	-11
11	-12
12	-12
11	-12
12	-12
13	-12
12	-12
13	-12
13	-13
13	-14
13	-15
13	-14
12	-14
12	-13
11	-13
11	-14
10	-14
11	-14
11	-13
11	-14
11	-15
11	-16
11	-15
10	-15
9	-15
8	-15
8	-14
7	-14
7	-13
7	-14
8	-14
8	-13
8	-14
8	-13
9	-13
9	-14
8	-14
8	-15
8	-16
8	-15
7	-15
6	-15
6	-16
6	-15
6	-16
5	-16
6	-16
5	-16
4	-16
3	-16
2	-16
1	-16
1	-15
2	-15
3	-15
4	-15
3	-15
2	-15
1	-15
2	-15
2	-14
2	-15
2	-14
2	-13
3	-13
2	-13
3	-13
2	-13
2	-12
3	-12
4	-12
5	-12
4	-12
5	-12
5	-11
4	-11
3	-11
2	-11
2	-10
2	-9
3	-9
3	-10
3	-11
2	-11
2	-12
3	-12
2	-12
1	-12
1	-13
1	-12
0	-12
1	-12
2	-12
3	-12
2	-12
3	-12
2	-12
1	-12
1	-13
1	-14
0	-14
1	-14
2	-14
2	-13
3	-13
3	-12
4	-12
4	-13
5	-13
5	-12
5	-11
5	-10
5	-9
5	-8
5	-9
6	-9
5	-9
4	-9
4	-10
4	-9
4	-10
4	-9
3	-9
3	-10
3	-9
4	-9
5	-9
5	-10
4	-10
4	-11
4	-12
4	-11
4	-12
4	-13
4	-14
5	-14
5	-13
5	-14
6	-14
5	-14
5	-13
5	-12
5	-13
5	-14
5	-15
5	-16
6	-16
6	-15
6	-14
6	-15
5	-15
6	-15
7	-15
8	-15
8	-16
7	-16
8	-16
8	-17
7	-17
7	-18
7	-19
7	-18
7	-17
7	-18
7	-17
8	-17
9	-17
8	-17
9	-17
10	-17
11	-17
10	-17
9	-17
10	-17
10	-16
10	-15
10	-16
10	-15
10	-16
11	-16
12	-16
12	-15
13	-15
13	-14
12	-14
12	-15
12	-16
11	-16
11	-17
11	-16
10	-16
10	-17
10	-18
10	-19
9	-19
10	-19
10	-20
9	-20
8	-20
9	-20
9	-21
9	-22
8	-22
8	-21
8	-22
8	-23
8	-24
7	-24
8	-24
7	-24
6	-24
6	-23
7	-23
7	-24
6	-24
5	-24
5	-25
5	-24
5	-23
4	-23
4	-24
4	-25
4	-24
3	-24
2	-24
3	-24
2	-24
1	-24
0	-24
0	-23
-1	-23
-2	-23
-2	-22
-1	-22
-1	-23
0	-23
1	-23
1	-24
1	-25
1	-24
0	-24
-1	-24
-2	-24
-3	-24
-3	-23
-3	-22
-3	-21
-2	-21
-2	-22
-2	-23
-2	-24
-3	-24
-3	-25
-3	-24
-2	-24
-2	-23
-2	-22
-3	-22
-2	-22
-1	-22
0	-22
0	-23
-1	-23
-1	-22
0	-22
-1	-22
-2	-22
-1	-22
-1	-21
-1	-20
-2	-20
-1	-20
0	-20
1	-20
0	-20
0	-19
-1	-19
0	-19
-1	-19
-1	-18
-1	-19
-2	-19
-2	-20
-3	-20
-3	-21
-2	-21
-1	-21
-1	-20
-1	-21
-1	-20
-1	-19
-1	-20
0	-20
1	-20
1	-19
2	-19
1	-19
1	-20
1	-19
2	-19
3	-19
3	-20
4	-20
4	-19
5	-19
4	-19
3	-19
2	-19
2	-20
2	-19
2	-20
2	-21
2	-22
2	-23
1	-23
0	-23
0	-24
0	-25
0	-26
-1	-26
0	-26
0	-25
-1	-25
-1	-24
-1	-23
-1	-24
-1	-23
-1	-24
-2	-24
-3	-24
-3	-25
-3	-26
-4	-26
-3	-26
-2	-26
-3	-26
-4	-26
-4	-27
-3	-27
-4	-27
-3	-27
-2	-27
-2	-26
-2	-27
-2	-28
-1	-28
-2	-28
-3	-28
-3	-29
-4	-29
-4	-28
-4	-29
-3	-29
-3	-30
-3	-29
-3	-28
-4	-28
-5	-28
-5	-27
-4	-27
-4	-26
-4	-25
-3	-25
-3	-26
-3	-25
-2	-25
-3	-25
-2	-25
-2	-26
-3	-26
-4	-26
-3	-26
-3	-27
-2	-27
-1	-27
-2	-27
-1	-27
-2	-27
-2	-26
-2	-27
-2	-26
-2	-27
-2	-28
-2	-27
-3	-27
-2	-27
-2	-28
-2	-27
-2	-28
-1	-28
-2	-28
-2	-27
-2	-26
-3	-26
-3	-25
-4	-25
-5	-25
-5	-26
-6	-26
-7	-26
-7	-25
-7	-24
-8	-24
-7	-24
-7	-23
-8	-23
-8	-24
-8	-23
-8	-22
-8	-21
-8	-20
-9	-20
-8	-20
-8	-19
-7	-19
-8	-19
-9	-19
-9	-20
-9	-21
-9	-20
-9	-21
-9	-20
-10	-20
-10	-19
-9	-19
-9	-20
-9	-21
-10	-21
-10	-22
-11	-22
-10	-22
-9	-22
-9	-23
-9	-24
-9	-23
-8	-23
-8	-22
-8	-21
-9	-21
-10	-21
-11	-21
-10	-21
-10	-20
-11	-20
-11	-19
-11	-18
-11	-17
-11	-18
-11	-17
-11	-16
-11	-15
-10	-15
-10	-16
-9	-16
-10	-16
-10	-17
-9	-17
-9	-16
-10	-16
-10	-17
-10	-18
-11	-18
-10	-18
-11	-18
-11	-17
-12	-17
-12	-18
-12	-19
-12	-20
-12	-19
-12	-18
-13	-18
-13	-17
-14	-17
-13	-17
-13	-18
-12	-18
-13	-18
-13	-19
-13	-18
-13	-19
-12	-19
-13	-19
-13	-20
-13	-19
-12	-19
-13	-19
-13	-18
-14	-18
-13	-18
-13	-17
-14	-17
-14	-18
-15	-18
-14	-18
-14	-17
-13	-17
-12	-17
-11	-17
-10	-17
-10	-16
-11	-16
-12	-16
-12	-17
-12	-16
-12	-17
-12	-18
-12	-17
-13	-17
-14	-17
-14	-18
-14	-17
-14	-18
-15	-18
-14	-18
-14	-17
-14	-18
-14	-19
-15	-19
-15	-18
-14	-18
-13	-18
-13	-19
-13	-20
-14	-20
-13	-20
-13	-19
-13	-20
-12	-20
-12	-19
-12	-20
-13	-20
-13	-21
-14	-21
-14	-20
-14	-19
-14	-18
-13	-18
-13	-19
-13	-20
-13	-21
-14	-21
-14	-20
-15	-20
-15	-19
-16	-19
-16	-20
-15	-20
-16	-20
-17	-20
-17	-19
-18	-19
-18	-20
-18	-19
-18	-18
-19	-18
-19	-17
-20	-17
-20	-16
-20	-15
-19	-15
-18	-15
-18	-16
-17	-16
-18	-16
-18	-15
-18	-14
-17	-14
-18	-14
-17	-14
-16	-14
-16	-13
-16	-14
-17	-14
-16	-14
-15	-14
-15	-13
-14	-13
-13	-13
-13	-14
-13	-15
-14	-15
-14	-14
-15	-14
-15	-15
-15	-16
-15	-15
-15	-14
-16	-14
-17	-14
-18	-14
-19	-14
-19	-15
-20	-15
-20	-16
-21	-16
-21	-17
-21	-16
-22	-16
-22	-15
-22	-14
-22	-15
-22	-16
-22	-15
-22	-14
-21	-14
-22	-14
-23	-14
-22	-14
-22	-15
-23	-15
-22	-15
-22	-14
-22	-15
-22	-16
-22	-15
-23	-15
-22	-15
-23	-15
-23	-14
-24	-14
-23	-14
-23	-15
-23	-14
-23	-15
-23	-16
-23	-17
-24	-17
-23	-17
-24	-17
-23	-17
-24	-17
-25	-17
-24	-17
-24	-18
-23	-18
-22	-18
-22	-17
-22	-18
-21	-18
-20	-18
-20	-17
-20	-16
-21	-16
-20	-16
-19	-16
-19	-17
-19	-18
-18	-18
-19	-18
-19	-17
-19	-18
-19	-19
-19	-18
-18	-18
-19	-18
-18	-18
-17	-18
-17	-17
-16	-17
-16	-18
-17	-18
-18	-18
-19	-18
-20	-18
-21	-18
-22	-18
-23	-18
-22	-18
-22	-17
-22	-18
-22	-17
-23	-17
-22	-17
-22	-18
-22	-19
-21	-19
-21	-20
-21	-21
-21	-20
-21	-19
-21	-18
-20	-18
-19	-18
-20	-18
-20	-17
-21	-17
-22	-17
-23	-17
-22	-17
-22	-18
-22	-17
-23	-17
-23	-16
-23	-17
-22	-17
-21	-17
-22	-17
-22	-18
-21	-18
-21	-19
-22	-19
-23	-19
-24	-19
-24	-20
-25	-20
-26	-20
-25	-20
-25	-19
-26	-19
-26	-18
-26	-19
-26	-20
-26	-19
-26	-20
-26	-19
-27	-19
-28	-19
-27	-19
-26	-19
-26	-20
-26	-21
-27	-21
-27	-20
-27	-19
-28	-19
-28	-18
-28	-17
-27	-17
-27	-16
-28	-16
-27	-16
-27	-17
-26	-17
-27	-17
-28	-17
-29	-17
-29	-16
-30	-16
-29	-16
-29	-17
-28	-17
-28	-18
-28	-19
-28	-18
-28	-19
-28	-18
-27	-18
-28	-18
-28	-17
-28	-16
-28	-15
-27	-15
-27	-16
-28	-16
-28	-15
-29	-15
-28	-15
-28	-16
-29	-16
-29	-15
-29	-14
-30	-14
-30	-13
-31	-13
-31	-12
-30	-12
-30	-11
-31	-11
-31	-12
-32	-12
-33	-12
-33	-13
-34	-13
-34	-12
-33	-12
-33	-11
-34	-11
-34	-10
-33	-10
-32	-10
-33	-10
-34	-10
-33	-10
-34	-10
-33	-10
-34	-10
-33	-10
-33	-9
-33	-8
-33	-9
-33	-10
-33	-11
-33	-10
-32	-10
-32	-9
-33	-9
-33	-8
-33	-9
-33	-8
-32	-8
-32	-7
-32	-8
-32	-9
-32	-10
-32	-9
-31	-9
-31	-8
-30	-8
-30	-7
-30	-6
-29	-6
-28	-6
-27	-6
-27	-5
-27	-6
-26	-6
-26	-7
-25	-7
-26	-7
-25	-7
-25	-8
-25	-7
-25	-8
-24	-8
-25	-8
-25	-7
-25	-8
-25	-9
-25	-8
-25	-7
-24	-7
-25	-7
-25	-6
-25	-7
-26	-7
-26	-8
-25	-8
-25	-9
-25	-10
-26	-10
-26	-9
-25	-9
-26	-9
-26	-8
-27	-8
-28	-8
-29	-8
-29	-7
-30	-7
-30	-6
-31	-6
-31	-5
-31	-6
-32	-6
-33	-6
-34	-6
-34	-7
-35	-7
-35	-6
-35	-5
-35	-6
-36	-6
-36	-7
-36	-6
-36	-5
-37	-5
-36	-5
-36	-4
-37	-4
-36	-4
-36	-5
-36	-6
-36	-5
-37	-5
-37	-4
-37	-5
-36	-5
-35	-5
-34	-5
-34	-6
-35	-6
-36	-6
-35	-6
-35	-5
-35	-4
-35	-5
-35	-6
-34	-6
-34	-5
-34	-4
-34	-3
-34	-2
-34	-3
-34	-2
-35	-2
-35	-1
-35	-2
-36	-2
-36	-3
-36	-2
-36	-3
-37	-3
-37	-2
-36	-2
-36	-1
-36	-2
-36	-3
-37	-3
-36	-3
-35	-3
-35	-2
-36	-2
-36	-3
-37	-3
-36	-3
-35	-3
-35	-2
-35	-3
-35	-2
-35	-3
-35	-2
-35	-3
-34	-3
-34	-2
-34	-1
-35	-1
-36	-1
-36	0
-36	1
-36	2
-37	2
-36	2
-35	2
-34	2
-34	3
-35	3
-34	3
-34	4
-34	5
-34	6
-34	7
-34	6
-34	5
-33	5
-33	6
-33	5
-33	6
-33	5
-33	4
-33	3
-34	3
-34	4
-35	4
-36	4
-37	4
-37	3
-37	4
-37	5
-36	5
-37	5
-38	5
-38	4
-38	3
-38	2
-37	2
-36	2
-37	2
-37	3
-37	4
-37	3
-38	3
-38	2
-39	2
-39	3
-38	3
-38	2
-38	3
-39	3
-39	2
-39	3
-39	4
-39	5
-40	5
-40	4
-40	3
-40	4
-40	3
-39	3
-40	3
-39	3
-39	2
-39	3
-38	3
-38	2
-38	3
-38	4
-38	3
-38	2
-39	2
-39	3
-40	3
-39	3
-39	4
-38	4
-39	4
-39	5
-38	5
-37	5
-37	4
-37	3
-38	3
-38	4
-37	4
-36	4
-35	4
-34	4
-35	4
-34	4
-34	5
-33	5
-32	5
-31	5
-32	5
-32	6
-32	5
-32	4
-33	4
-33	3
-34	3
-34	4
-34	5
-33	5
-34	5
-35	5
-35	6
-35	7
-34	7
-34	8
-34	9
-33	9
-32	9
-32	8
-32	9
-31	9
-30	9
-31	9
-31	10
-31	9
-31	8
-32	8
-31	8
-30	8
-30	7
-31	7
-31	8
-31	7
-32	7
-31	7
-32	7
-31	7
-31	8
-30	8
-30	9
-30	8
-30	7
-31	7
-30	7
-29	7
-28	7
-29	7
-29	8
-28	8
-29	8
-30	8
-30	9
-30	8
-30	9
-31	9
-32	9
-31	9
-31	10
-31	9
-30	9
-29	9
-29	10
-30	10
-30	9
-30	8
-31	8
-32	8
-31	8
-31	7
-31	6
-32	6
-32	5
-33	5
-32	5
-31	5
-31	4
-30	4
-31	4
-30	4
-30	5
-30	6
-30	5
-30	4
-29	4
-28	4
-28	5
-28	4
-28	5
-28	4
-29	4
-30	4
-29	4
-28	4
-27	4
-27	3
-26	3
-27	3
-28	3
-27	3
-28	3
-28	4
-29	4
-30	4
-29	4
-29	3
-30	3
-30	2
-29	2
-29	3
-29	2
-30	2
-31	2
-31	1
-31	2
-31	1
-31	0
-31	-1
-31	-2
-31	-1
-32	-1
-33	-1
-33	-2
-34	-2
-35	-2
-35	-3
-36	-3
-37	-3
-38	-3
-37	-3
-37	-4
-37	-3
-38	-3
-39	-3
-39	-4
-40	-4
-41	-4
-41	-3
-42	-3
-43	-3
-44	-3
-45	-3
-44	-3
-44	-2
-44	-1
-45	-1
-44	-1
-44	0
-44	1
-44	0
-45	0
-45	-1
-46	-1
-47	-1
-48	-1
-47	-1
-48	-1
-47	-1
-47	-2
-46	-2
-46	-1
-46	-2
-46	-1
-45	-1
-46	-1
-45	-1
-45	-2
-44	-2
-45	-2
-45	-1
-45	-2
-44	-2
-44	-3
-43	-3
-43	-2
-43	-1
-44	-1
-45	-1
-46	-1
-46	-2
-47	-2
-47	-1
-47	-2
-46	-2
-45	-2
-46	-2
-46	-1
-47	-1
-47	-2
-46	-2
-46	-3
-45	-3
-44	-3
-43	-3
-42	-3
-43	-3
-43	-2
-43	-3
-43	-4
-42	-4
-42	-3
-43	-3
-42	-3
-42	-2
-43	-2
-44	-2
-45	-2
-45	-1
-45	0
-45	1
-45	2
-45	1
-45	0
-45	1
-45	0
-45	-1
-45	-2
-44	-2
-44	-1
-45	-1
-45	0
-45	1
-45	0
-46	0
-47	0
-46	0
-45	0
-45	-1
-44	-1
-44	-2
-43	-2
-43	-1
-43	0
-42	0
-43	0
-42	0
-42	-1
-42	0
-43	0
-42	0
-42	-1
-42	-2
-41	-2
-41	-3
-40	-3
-39	-3
-40	-3
-39	-3
-39	-2
-38	-2
-39	-2
-40	-2
-40	-1
-41	-1
-40	-1
-40	-2
-41	-2
-41	-1
-41	-2
-42	-2
-41	-2
-40	-2
-40	-3
-41	-3
-40	-3
-41	-3
-41	-4
-40	-4
-39	-4
-39	-3
-39	-2
-39	-3
-39	-2
-39	-1
-39	-2
-40	-2
-40	-1
-40	0
-41	0
-42	0
-43	0
-43	1
-43	2
-42	2
-42	1
-43	1
-42	1
-42	2
-42	1
-41	1
-41	0
-40	0
-39	0
-39	-1
-39	-2
-39	-1
-39	0
-39	-1
-39	0
-40	0
-40	1
-40	0
-41	0
-42	0
-42	1
-42	2
-41	2
-41	1
-42	1
-43	1
-44	1
-44	2
-44	1
-44	0
-44	1
-44	0
-45	0
-45	1
-44	1
-44	2
-45	2
-45	1
-46	1
-47	1
-48	1
-49	1
-49	0
-48	0
-48	1
-48	2
-49	2
-50	2
-49	2
-48	2
-47	2
-47	3
-47	4
-47	5
-47	6
-46	6
-45	6
-45	5
-45	6
-44	6
-45	6
-45	5
-45	4
-44	4
-44	5
-44	4
-45	4
-45	3
-45	2
-45	3
-45	4
-46	4
-46	3
-46	4
-47	4
-46	4
-47	4
-47	5
-48	5
-48	4
-49	4
-49	3
-49	4
-48	4
-47	4
-48	4
-47	4
-46	4
-46	5
-47	5
-47	6
-46	6
-47	6
-46	6
-46	7
-46	6
-46	5
-46	4
-46	3
-46	2
-46	3
-46	4
-46	5
-45	5
-46	5
-45	5
-44	5
-44	6
-45	6
-45	5
-44	5
-43	5
-44	5
-45	5
-44	5
-44	4
-43	4
-43	5
-42	5
-42	6
-41	6
-41	7
-42	7
-42	6
-42	7
-42	6
-42	5
-42	6
-43	6
-44	6
-43	6
-43	5
-43	4
-44	4
-43	4
-43	5
-44	5
-44	6
-45	6
-44	6
-43	6
-43	5
-43	6
-43	5
-43	6
-44	6
-44	5
-45	5
-45	4
-45	3
-45	2
-44	2
-44	3
-45	3
-44	3
-45	3
-45	4
-45	3
-44	3
-44	2
-44	3
-44	4
-44	3
-43	3
-43	2
-42	2
-43	2
-44	2
-44	3
-44	4
-45	4
-46	4
-46	5
-46	4
-47	4
-47	3
-47	4
-47	5
-47	6
-47	7
-47	8
-47	9
-48	9
-49	9
-49	8
-50	8
-50	9
-49	9
-49	10
-49	11
-48	11
-48	10
-49	10
-49	9
-48	9
-49	9
-48	9
-48	8
-47	8
-47	9
-47	10
-47	9
-47	8
-48	8
-49	8
-49	9
-49	10
-48	10
-48	9
-49	9
-50	9
-49	9
-49	8
-49	9
-50	9
-51	9
-50	9
-50	8
-51	8
-52	8
-52	9
-53	9
-53	10
-52	10
-53	10
-54	10
-55	10
-56	10
-56	11
-57	11
-56	11
-57	11
-57	12
-56	12
-56	13
-55	13
-56	13
-57	13
-57	14
-57	15
-57	16
-56	16
-57	16
-57	17
-58	17
-57	17
-57	16
-58	16
-57	16
-58	16
-58	17
-58	18
-58	19
-58	18
-58	19
-57	19
-57	20
-56	20
-56	19
-56	18
-57	18
-56	18
-57	18
-56	18
-55	18
-55	17
-55	18
-56	18
-57	18
-57	17
-56	17
-56	16
-55	16
-56	16
-55	16
-56	16
-56	15
-55	15
-55	16
-55	15
-55	14
-56	14
-56	15
-56	16
-57	16
-57	15
-58	15
-58	14
-58	13
-58	14
-58	13
-59	13
-59	14
-59	15
-59	14
-60	14
-59	14
-58	14
-58	15
-59	15
-58	15
-58	16
-59	16
-58	16
-58	15
-59	15
-59	14
-59	13
-59	12
-58	12
-59	12
-59	11
-59	10
-58	10
-57	10
-58	10
-58	9
-59	9
-60	9
-61	9
-60	9
-60	10
-59	10
-60	10
-61	10
-61	9
-60	9
-60	8
-59	8
-59	9
-60	9
-59	9
-59	8
-58	8
-58	9
-58	8
-58	7
-57	7
-58	7
-59	7
-59	8
-59	9
-59	10
-59	11
-59	12
-60	12
-60	11
-59	11
-58	11
-58	12
-59	12
-59	13
-59	12
-59	11
-59	10
-59	11
-59	10
-58	10
-58	11
-58	10
-58	11
-58	10
-57	10
-57	11
-57	10
-57	11
-56	11
-56	10
-57	10
-58	10
-59	10
-58	10
-58	9
-57	9
-57	10
-57	11
-58	11
-58	12
-58	13
-58	12
-59	12
-58	12
-57	12
-58	12
-58	11
-57	11
-57	10
-58	10
-57	10
-57	11
-58	11
-59	11
-58	11
-59	11
-59	10
-58	10
-57	10
-57	9
-57	8
-57	7
-58	7
-58	8
-58	7
-59	7
-59	8
-58	8
-58	7
-57	7
-57	8
-56	8
-56	7
-55	7
-55	8
-54	8
-55	8
-54	8
-53	8
-54	8
-54	7
-54	8
-54	7
-55	7
-54	7
-53	7
-52	7
-51	7
-50	7
-50	8
-50	7
-50	6
-49	6
-50	6
-49	6
-49	5
-48	5
-49	5
-48	5
-47	5
-48	5
-49	5
-48	5
-49	5
-50	5
-51	5
-52	5
-52	6
-52	5
-52	4
-51	4
-52	4
-52	5
-51	5
-50	5
-50	6
-49	6
-49	7
-49	8
-48	8
-49	8
-49	9
-48	9
-49	9
-48	9
-48	10
-49	10
-48	10
-48	9
-49	9
-48	9
-49	9
-48	9
-48	10
-47	10
-47	9
-46	9
-47	9
-47	10
-47	9
-48	9
-48	10
-48	11
-48	10
-48	11
-49	11
-49	12
-50	12
-50	11
-50	10
-51	10
-52	10
-52	11
-53	11
-53	12
-53	13
-52	13
-52	12
-52	13
-52	12
-53	12
-54	12
-54	13
-55	13
-54	13
-55	13
-55	14
-54	14
-53	14
-53	13
-53	12
-53	11
-52	11
-52	12
-52	11
-53	11
-52	11
-52	12
-51	12
-51	11
-50	11
-50	10
-51	10
-51	11
-52	11
-51	11
-52	11
-53	11
-52	11
-51	11
-52	11
-53	11
-53	10
-52	10
-52	11
-51	11
-52	11
-52	10
-51	10
-52	10
-53	10
-52	10
-53	10
-54	10
-55	10
-56	10
-56	11
-57	11
-57	10
-58	10
-59	10
-59	9
-59	10
-58	10
-58	11
-57	11
-57	12
-57	11
-57	10
-57	11
-56	11
-56	12
-56	11
-56	10
-56	11
-55	11
-55	10
-55	9
-54	9
-53	9
-54	9
-55	9
-55	10
-54	10
-54	11
-54	10
-55	10
-56	10
-57	10
-58	10
-57	10
-56	10
-56	11
-57	11
-57	12
-58	12
-58	11
-59	11
-60	11
-61	11
-61	10
-62	10
-62	9
-62	8
-63	8
-62	8
-61	8
-62	8
-61	8
-60	8
-60	7
-61	7
-61	6
-60	6
-60	5
-59	5
-58	5
-59	5
-59	4
-60	4
-59	4
-58	4
-58	3
-59	3
-60	3
-59	3
-59	4
-59	5
-59	4
-59	3
-58	3
-58	2
-59	2
-59	1
-59	0
-58	0
-57	0
-57	-1
-58	-1
-57	-1
-56	-1
-57	-1
-57	-2
-56	-2
-57	-2
-58	-2
-57	-2
-57	-3
-57	-2
-56	-2
-57	-2
-58	-2
-57	-2
-57	-1
-56	-1
-56	-2
-57	-2
-57	-1
-56	-1
-57	-1
-57	0
-57	1
-57	2
-57	1
-56	1
-56	2
-55	2
-55	3
-55	4
-55	3
-55	4
-55	5
-55	6
-55	7
-56	7
-55	7
-54	7
-55	7
-55	6
-55	7
-56	7
-56	8
-56	7
-56	6
-56	5
-55	5
-56	5
-57	5
-57	6
-57	5
-56	5
-56	4
-55	4
-56	4
-57	4
-56	4
-56	3
-56	2
-57	2
-56	2
-57	2
-56	2
-57	2
-57	1
-57	2
-56	2
-55	2
-55	3
-55	2
-55	1
-55	0
-56	0
-56	1
-57	1
-58	1
-58	2
-59	2
-58	2
-58	1
-57	1
-57	0
-56	0
-56	-1
-56	-2
-56	-3
-57	-3
-56	-3
-56	-4
-56	-3
-57	-3
-57	-4
-56	-4
-57	-4
-58	-4
-57	-4
-56	-4
-56	-5
-55	-5
-55	-4
-55	-5
-54	-5
-53	-5
-54	-5
-55	-5
-55	-6
-54	-6
-54	-7
-55	-7
-54	-7
-54	-8
-54	-9
-53	-9
-52	-9
-53	-9
-52	-9
-52	-10
-52	-9
-51	-9
-52	-9
-52	-10
-52	-11
-53	-11
-53	-12
-54	-12
-54	-11
-54	-12
-54	-13
-54	-12
-53	-12
-52	-12
-51	-12
-50	-12
-50	-11
-50	-12
-51	-12
-50	-12
-50	-13
-51	-13
-51	-14
-50	-14
-50	-13
-51	-13
-50	-13
-51	-13
-51	-12
-50	-12
-50	-11
-50	-12
-50	-11
-49	-11
-50	-11
-50	-10
-50	-11
-50	-10
-49	-10
-48	-10
-48	-9
-48	-10
-48	-9
-49	-9
-48	-9
-49	-9
-50	-9
-51	-9
-51	-8
-51	-7
-51	-8
-51	-7
-51	-8
-52	-8
-52	-7
-52	-6
-52	-5
-53	-5
-52	-5
-53	-5
-53	-6
-54	-6
-54	-5
-53	-5
-53	-6
-52	-6
-53	-6
-54	-6
-55	-6
-55	-7
-55	-8
-55	-9
-55	-10
-55	-9
-55	-8
-55	-9
-55	-10
-54	-10
-55	-10
-55	-9
-56	-9
-56	-8
-57	-8
-58	-8
-58	-9
-57	-9
-56	-9
-55	-9
-56	-9
-55	-9
-55	-10
-55	-9
-56	-9
-55	-9
-56	-9
-57	-9
-56	-9
-56	-8
-55	-8
-56	-8
-55	-8
-55	-9
-56	-9
-55	-9
-55	-8
-54	-8
-53	-8
-52	-8
-52	-7
-53	-7
-54	-7
-54	-8
-54	-9
-54	-8
-55	-8
-56	-8
-56	-7
-57	-7
-57	-8
-57	-9
-57	-10
-58	-10
-58	-9
-59	-9
-59	-10
-59	-11
-58	-11
-57	-11
-56	-11
-55	-11
-55	-12
-55	-11
-54	-11
-54	-10
-54	-9
-54	-8
-55	-8
-55	-7
-56	-7
-56	-8
-56	-9
-56	-8
-56	-9
-56	-10
-57	-10
-58	-10
-58	-9
-58	-10
-57	-10
-57	-9
-57	-10
-56	-10
-55	-10
-54	-10
-55	-10
-55	-11
-55	-12
-56	-12
-56	-13
-55	-13
-55	-14
-55	-15
-55	-14
-54	-14
-53	-14
-53	-15
-54	-15
-54	-16
-54	-15
-53	-15
-54	-15
-53	-15
-54	-15
-55	-15
-55	-16
-54	-16
-53	-16
-53	-15
-53	-16
-53	-15
-53	-16
-54	-16
-54	-15
-54	-16
-55	-16
-55	-17
-55	-18
-56	-18
-57	-18
-57	-19
-58	-19
-59	-19
-60	-19
-59	-19
-60	-19
-61	-19
-61	-20
-60	-20
-61	-20
-61	-19
-61	-18
-61	-17
-61	-16
-61	-17
-61	-18
-61	-17
-61	-18
-60	-18
-60	-19
-60	-20
-60	-19
-61	-19
-61	-18
-61	-19
-62	-19
-61	-19
-61	-20
-61	-19
-62	-19
-62	-18
-61	-18
-61	-17
-61	-18
-62	-18
-63	-18
-63	-17
-63	-16
-64	-16
-65	-16
-64	-16
-64	-17
-64	-18
-64	-17
-64	-16
-65	-16
-64	-16
-65	-16
-65	-15
-65	-14
-66	-14
-65	-14
-65	-15
-65	-14
-66	-14
-67	-14
-67	-15
-68	-15
-68	-14
-68	-13
-68	-12
-69	-12
-70	-12
-70	-13
-71	-13
-71	-12
-71	-11
-70	-11
-70	-12
-70	-13
-71	-13
-71	-14
-72	-14
-72	-13
-71	-13
-71	-14
-71	-15
-71	-14
-72	-14
-72	-13
-73	-13
-72	-13
-72	-12
-72	-11
-73	-11
-72	-11
-72	-12
-72	-11
-73	-11
-73	-10
-73	-11
-72	-11
-71	-11
-71	-10
-70	-10
-71	-10
-71	-11
-71	-10
-72	-10
-73	-10
-73	-9
-73	-8
-73	-7
-72	-7
-73	-7
-73	-6
-73	-7
-74	-7
-75	-7
-76	-7
-76	-8
-76	-7
-76	-8
-75	-8
-76	-8
-76	-7
-75	-7
-76	-7
-76	-8
-76	-9
-76	-10
-77	-10
-76	-10
-76	-11
-75	-11
-74	-11
-75	-11
-75	-12
-76	-12
-75	-12
-75	-11
-75	-12
-76	-12
-76	-13
-76	-14
-75	-14
-75	-13
-75	-14
-76	-14
-75	-14
-75	-13
-75	-12
-75	-11
-75	-10
-76	-10
-76	-11
-77	-11
-77	-12
-78	-12
-78	-11
-78	-12
-78	-11
-77	-11
-77	-12
-77	-11
-77	-10
-76	-10
-76	-11
-76	-10
-77	-10
-76	-10
-76	-11
-76	-10
-77	-10
-78	-10
-78	-9
-79	-9
-79	-10
-79	-9
-79	-8
-79	-9
-80	-9
-81	-9
-80	-9
-79	-9
-79	-8
-78	-8
-79	-8
-78	-8
-79	-8
-78	-8
-78	-9
-77	-9
-77	-8
-78	-8
-78	-7
-79	-7
-79	-8
-78	-8
-77	-8
-77	-7
-76	-7
-76	-8
-76	-9
-77	-9
-77	-8
-77	-7
-76	-7
-76	-6
-77	-6
-78	-6
-77	-6
-77	-5
-76	-5
-76	-4
-76	-3
-76	-2
-77	-2
-77	-3
-78	-3
-77	-3
-76	-3
-76	-2
-75	-2
-75	-1
-74	-1
-74	0
-73	0
-73	-1
-73	0
-72	0
-72	1
-73	1
-73	0
-72	0
-71	0
-71	1
-71	2
-71	3
-72	3
-71	3
-71	2
-71	1
-71	2
-70	2
-69	2
-70	2
-71	2
-72	2
-73	2
-72	2
-72	1
-73	1
-74	1
-74	0
-74	-1
-74	-2
-74	-1
-73	-1
-74	-1
-74	-2
-73	-2
-72	-2
-72	-1
-71	-1
-71	0
-72	0
-72	1
-72	0
-72	-1
-71	-1
-71	-2
-71	-3
-71	-4
-70	-4
-70	-5
-70	-6
-70	-7
-71	-7
-72	-7
-72	-6
-73	-6
-73	-5
-73	-6
-73	-5
-72	-5
-72	-6
-71	-6
-72	-6
-72	-7
-72	-8
-72	-7
-71	-7
-71	-8
-71	-9
-71	-8
-70	-8
-70	-7
-71	-7
-71	-8
-71	-7
-72	-7
-73	-7
-72	-7
-72	-6
-72	-7
-71	-7
-71	-6
-72	-6
-73	-6
-73	-7
-73	-8
-73	-7
-72	-7
-72	-8
-73	-8
-73	-7
-74	-7
-75	-7
-74	-7
-75	-7
-75	-6
-75	-5
-76	-5
-76	-4
-76	-3
-75	-3
-75	-2
-76	-2
-76	-3
-75	-3
-75	-4
-76	-4
-76	-5
-75	-5
-74	-5
-74	-6
-73	-6
-73	-5
-73	-4
-73	-5
-73	-4
-73	-3
-72	-3
-73	-3
-72	-3
-72	-4
-71	-4
-72	-4
-73	-4
-72	-4
-71	-4
-71	-5
-72	-5
-72	-6
-71	-6
-71	-7
-71	-8
-72	-8
-72	-7
-73	-7
-73	-8
-73	-7
-73	-6
-74	-6
-75	-6
-75	-5
-75	-4
-76	-4
-77	-4
-77	-5
-78	-5
-77	-5
-76	-5
-76	-6
-77	-6
-76	-6
-77	-6
-78	-6
-79	-6
-78	-6
-79	-6
-79	-7
-78	-7
-77	-7
-77	-8
-77	-7
-77	-8
-77	-9
-77	-10
-77	-9
-78	-9
-79	-9
-79	-10
-79	-11
-79	-10
-79	-9
-78	-9
-79	-9
-78	-9
-79	-9
-80	-9
-81	-9
-82	-9
-83	-9
-83	-8
-83	-7
-84	-7
-83	-7
-83	-8
-83	-7
-82	-7
-82	-6
-82	-5
-82	-4
-83	-4
-82	-4
-83	-4
-84	-4
-84	-5
-84	-4
-84	-5
-84	-4
-83	-4
-84	-4
-83	-4
-83	-3
-82	-3
-81	-3
-81	-4
-80	-4
-80	-5
-81	-5
-82	-5
-83	-5
-82	-5
-81	-5
-81	-6
-82	-6
-81	-6
-81	-7
-80	-7
-80	-6
-79	-6
-79	-5
-80	-5
-80	-6
-81	-6
-81	-5
-81	-4
-81	-3
-81	-4
-80	-4
-80	-5
-80	-6
-80	-7
-79	-7
-78	-7
-78	-8
-78	-7
-77	-7
-76	-7
-75	-7
-76	-7
-77	-7
-77	-8
-78	-8
-78	-9
-78	-10
-78	-9
-77	-9
-78	-9
-78	-8
-79	-8
-79	-9
-79	-10
-78	-10
-79	-10
-79	-9
-80	-9
-80	-10
-80	-11
-80	-10
-79	-10
-79	-11
-78	-11
-78	-12
-78	-13
-77	-13
-77	-14
-76	-14
-75	-14
-75	-15
-75	-14
-75	-15
-76	-15
-75	-15
-75	-14
-76	-14
-75	-14
-75	-15
-76	-15
