0
1
2
5
5
4
9
10
13
13
18
25
25
20
20
29
26
26
26
26
25
16
16
17
-2
0
1
4
9
10
10
17
26
37
37
36
37
40
53
53
58
58
73
80
97
116
116
109
130
130
137
146
125
125
106
89
89
100
117
117
117
136
157
180
180
205
232
245
274
261
261
250
250
281
281
272
265
260
260
260
257
290
293
328
325
325
362
365
370
333
340
349
386
425
466
509
500
457
457
457
457
457
450
445
442
485
488
533
538
585
634
629
626
625
625
676
729
730
733
738
793
800
745
754
701
692
641
641
592
592
601
650
661
661
661
712
725
778
793
740
757
757
776
829
850
873
820
797
797
797
746
769
720
745
745
698
725
725
772
801
832
785
754
754
709
680
680
680
680
680
680
653
653
628
628
605
605
650
629
584
584
541
541
562
585
610
610
610
637
666
625
625
656
617
617
617
586
557
530
569
569
596
-2
0
1
4
9
16
17
17
17
17
17
26
29
34
41
41
50
50
41
41
32
25
18
25
25
20
20
20
13
10
10
10
10
10
5
8
8
5
5
4
9
10
17
26
26
37
36
37
40
53
53
53
50
49
50
50
50
65
64
64
65
68
73
90
90
109
130
125
122
145
145
144
145
145
122
122
121
121
121
121
100
101
82
82
81
82
85
85
104
104
104
104
104
104
101
-2
0
1
4
5
8
8
13
20
29
29
29
29
29
34
41
52
61
61
50
50
50
50
50
41
41
34
29
29
26
17
20
20
20
20
20
20
25
18
18
13
13
13
13
13
13
13
13
10
10
10
10
9
10
5
8
8
5
4
5
2
1
1
4
5
5
10
17
20
25
18
25
32
41
34
29
29
40
45
45
45
58
58
53
68
65
64
65
65
82
101
104
109
130
125
122
145
145
148
148
148
153
153
153
178
173
173
200
200
197
226
226
226
257
257
290
289
289
324
325
325
325
362
362
362
365
404
409
416
416
425
425
425
425
425
436
449
449
490
505
522
522
541
562
585
610
653
628
673
650
605
605
605
605
584
629
676
697
746
797
797
776
776
829
850
850
905
962
985
985
1044
1105
1168
1233
1300
1369
1346
1277
1210
1145
1145
1082
1021
1021
1021
1000
1000
981
964
949
890
890
905
848
793
810
810
810
865
865
865
865
865
884
941
941
941
941
941
941
922
-2
0
1
2
5
8
13
10
17
16
9
9
9
9
4
4
4
5
5
8
5
2
2
2
1
4
4
4
4
4
4
4
5
8
13
10
9
10
10
10
10
13
13
20
29
34
34
34
41
50
61
72
85
100
113
130
145
145
162
162
181
181
200
221
202
202
202
202
185
208
225
250
233
233
218
205
205
232
261
250
221
221
221
194
185
178
153
130
125
148
148
148
148
148
145
122
122
122
122
101
100
121
144
169
170
170
170
173
173
200
200
200
200
205
205
205
205
205
234
265
272
281
314
349
360
325
338
373
388
425
442
405
405
405
405
405
405
405
370
353
353
320
320
305
274
274
289
289
306
337
337
356
356
377
377
346
317
290
313
338
365
392
392
392
392
421
450
481
514
549
549
580
613
650
617
617
586
557
596
596
625
656
689
689
724
724
724
685
685
648
613
578
578
545
545
580
617
586
549
514
514
514
481
481
481
481
481
512
512
545
-2
0
1
4
9
10
10
10
13
18
25
20
17
10
10
13
8
5
5
5
5
5
5
4
9
9
16
16
16
25
26
29
29
20
17
17
17
17
17
17
10
10
10
13
18
25
25
20
20
20
20
17
16
17
20
20
25
34
45
45
45
40
40
53
68
68
68
65
82
82
85
104
125
125
148
173
178
185
212
241
234
205
205
205
205
205
200
197
197
196
225
226
197
197
170
145
122
122
121
100
101
101
101
101
101
101
122
122
122
122
122
122
122
122
122
122
122
122
122
122
122
122
122
122
122
122
145
170
170
170
170
170
170
169
169
144
-2
0
1
4
5
2
2
2
1
1
1
2
1
4
9
10
17
16
16
17
26
37
50
53
40
45
52
41
41
32
25
25
20
17
26
37
40
53
53
50
50
50
65
82
81
81
64
64
49
49
49
50
37
26
26
17
20
29
29
40
45
45
45
52
52
52
61
50
41
32
25
25
34
-2
0
1
2
1
1
1
2
2
5
4
4
4
5
10
13
18
25
32
41
52
65
74
74
74
74
61
61
61
61
61
61
50
50
50
50
50
50
41
34
25
25
25
20
29
40
53
58
65
65
74
61
61
72
72
85
85
100
117
130
130
130
149
164
181
202
225
208
185
185
185
185
185
185
185
185
185
170
170
193
218
233
233
260
289
306
337
337
370
353
338
305
274
261
250
221
194
169
180
205
205
205
232
232
232
232
232
232
232
232
232
232
232
245
-2
0
1
1
1
2
5
5
8
13
13
10
5
5
4
1
1
2
5
5
5
5
8
8
13
10
10
10
17
26
29
29
20
20
20
20
20
20
20
25
25
25
25
25
34
34
34
45
58
73
90
85
104
104
125
125
125
122
145
170
197
197
200
229
234
265
272
241
241
212
212
212
185
194
205
205
232
261
274
245
218
193
180
169
146
146
137
116
125
125
125
106
106
117
117
100
89
74
61
61
50
50
61
74
65
52
45
45
58
73
80
97
116
125
125
136
136
136
117
130
113
128
113
130
130
149
170
157
157
157
157
157
157
157
136
-2
0
1
1
4
4
9
16
25
26
17
17
20
20
13
13
10
5
5
8
5
2
2
2
2
2
1
1
1
1
1
1
1
1
1
1
4
4
4
4
9
10
13
20
20
29
34
45
45
52
52
61
61
74
74
65
58
73
68
68
68
65
50
37
40
40
40
40
40
40
40
40
40
40
40
40
40
40
40
40
40
40
40
40
53
-2
0
1
2
1
1
1
4
5
2
5
4
4
5
5
5
5
10
13
8
5
10
17
17
17
26
37
40
40
40
53
68
85
82
65
65
64
65
82
81
81
81
81
81
81
100
121
144
145
170
197
200
229
260
257
226
226
226
226
226
226
226
226
226
226
225
196
196
169
169
169
169
170
197
226
226
257
290
289
256
-2
0
1
1
1
4
5
5
8
13
10
17
16
17
20
13
10
9
-2
0
1
2
2
5
5
5
8
13
10
9
10
10
5
2
5
10
10
17
26
26
25
26
29
34
25
32
25
20
17
10
5
4
5
2
2
1
1
1
4
5
8
13
13
20
20
20
17
26
26
25
16
16
9
9
9
10
13
20
17
26
26
26
26
26
26
37
40
40
45
45
52
41
32
41
52
52
45
45
40
37
37
26
26
29
29
29
34
34
34
34
34
34
34
25
20
17
16
25
25
36
36
36
49
50
50
53
68
73
73
73
90
97
80
89
74
65
65
65
65
58
-2
0
1
2
1
1
2
2
2
2
5
4
9
9
9
9
9
10
10
13
8
8
5
4
9
10
10
13
13
18
25
25
32
25
34
45
52
52
41
41
50
41
52
61
61
61
61
74
65
65
58
58
53
40
40
37
26
25
36
36
49
64
64
81
81
82
82
82
101
122
125
148
153
130
130
130
130
137
146
157
180
180
193
208
233
250
250
250
250
250
250
277
306
325
356
337
320
353
353
388
405
442
461
461
424
445
445
410
389
389
389
389
370
-2
0
1
1
4
9
10
5
8
13
18
13
10
9
4
5
2
2
1
2
5
10
17
20
20
20
13
13
13
8
5
5
4
4
4
4
9
10
5
5
5
5
2
1
1
1
1
1
1
1
1
2
5
10
13
8
5
10
10
13
13
18
18
18
18
18
25
25
25
32
41
50
61
52
41
41
41
34
25
25
25
25
25
25
20
29
26
26
17
16
25
36
37
50
50
65
65
65
65
68
85
82
82
82
82
82
82
82
101
122
125
148
148
153
160
185
178
205
234
234
234
234
265
298
293
290
257
226
225
225
225
256
256
289
289
289
290
290
325
324
324
324
324
325
362
401
400
400
361
361
361
361
361
361
362
401
401
401
442
445
445
404
404
404
404
404
365
365
328
333
340
305
272
281
314
349
386
425
436
477
477
466
466
509
554
554
545
592
592
592
641
692
692
692
692
701
712
661
612
565
578
533
520
-2
0
1
2
2
1
2
1
2
2
2
5
4
5
8
13
20
25
32
41
52
65
58
58
58
73
68
65
50
50
53
53
53
53
53
53
40
40
45
34
29
29
26
37
37
37
37
37
37
37
37
37
37
37
37
36
25
25
26
37
50
49
64
64
81
82
82
82
82
82
85
90
109
130
130
130
137
116
116
116
116
97
80
80
80
80
80
80
80
89
89
89
89
89
106
106
117
100
113
130
130
130
130
130
149
170
185
202
202
221
242
265
244
225
208
193
193
193
193
218
245
260
260
260
277
277
250
250
250
250
233
-2
0
1
2
1
1
1
1
1
1
2
1
1
2
5
4
4
4
4
4
9
16
25
36
36
36
36
37
37
40
29
34
34
34
45
52
65
65
58
58
53
53
53
53
68
73
73
90
90
85
85
85
85
104
101
82
82
81
64
49
50
37
37
37
37
37
37
40
40
29
20
13
18
13
20
17
10
10
10
9
9
9
4
5
5
5
8
-2
0
1
1
1
2
1
1
1
4
4
5
2
2
2
1
4
9
9
10
13
20
17
26
37
40
40
40
45
52
61
61
61
74
89
106
117
100
85
85
85
98
113
100
117
136
149
130
130
145
164
185
208
193
170
170
170
170
170
170
170
157
157
180
180
205
194
185
185
178
173
173
200
229
229
234
205
205
205
205
205
212
212
241
241
241
241
250
250
250
261
274
305
338
338
325
292
292
281
314
305
340
340
377
386
397
397
410
373
388
425
425
425
442
481
464
464
505
522
522
565
610
657
676
697
746
769
820
797
797
797
776
757
757
757
706
706
725
-2
0
1
2
2
5
5
4
1
1
1
1
1
1
1
2
2
5
5
10
13
20
29
29
40
45
52
41
41
50
61
61
61
74
85
85
72
61
61
61
52
52
65
80
97
90
85
85
85
82
81
82
82
65
65
68
85
85
104
109
90
73
58
65
65
80
89
89
89
89
89
89
106
106
117
100
113
128
145
145
162
162
145
130
113
113
113
100
89
89
80
73
73
68
85
104
125
148
148
145
144
144
121
121
122
101
100
81
64
65
65
65
65
65
65
65
50
50
53
40
29
29
20
17
26
26
25
25
26
17
17
20
29
29
40
40
53
68
85
90
90
73
58
58
65
52
61
50
41
41
32
41
34
34
45
-2
0
1
2
1
2
5
4
4
9
10
17
26
29
40
37
50
65
65
68
73
90
97
97
106
125
125
125
146
169
180
180
193
193
170
149
136
117
117
117
100
100
100
113
130
130
130
130
130
130
130
130
130
130
130
130
130
130
130
130
130
130
145
164
181
162
181
200
200
221
244
269
250
233
233
218
205
194
194
194
185
160
153
130
137
137
116
116
116
116
116
109
109
104
85
82
101
101
101
100
81
64
65
65
65
68
73
80
80
80
89
106
106
106
97
97
97
97
97
97
97
116
137
160
160
160
160
160
169
194
185
178
173
173
170
169
144
144
145
122
122
101
82
82
85
85
104
104
104
104
104
109
109
90
-2
0
1
1
2
2
5
10
13
13
18
25
20
20
29
29
26
17
16
16
25
25
25
36
36
37
37
40
40
40
45
45
58
65
74
89
80
97
116
109
90
90
85
85
68
53
53
53
53
53
53
50
50
50
50
50
49
64
65
82
85
90
97
106
125
136
149
130
113
98
85
100
89
89
89
89
89
74
74
74
61
72
61
74
74
85
85
100
113
130
149
136
125
106
117
-2
0
1
2
5
5
8
13
13
13
20
29
29
26
17
17
10
10
10
10
10
10
10
10
10
10
10
10
10
10
9
16
25
36
37
50
50
53
58
65
80
80
89
74
74
74
74
61
61
52
52
52
41
41
41
32
32
25
20
17
26
29
40
40
45
45
45
45
34
-2
0
1
1
2
2
5
8
5
5
4
9
10
10
13
13
18
25
20
20
13
13
13
13
13
10
10
9
16
17
10
10
5
8
13
18
18
18
18
25
32
41
52
45
34
34
34
34
29
20
20
25
-2
0
1
4
5
2
5
5
5
5
10
9
9
10
17
26
25
26
17
20
20
20
20
25
34
45
45
58
65
52
61
50
41
34
29
40
53
50
37
26
26
25
36
36
36
36
36
49
64
81
82
65
65
65
65
65
65
65
50
50
37
37
37
37
40
29
29
34
34
25
25
20
20
20
13
10
9
9
16
16
16
17
17
17
17
17
17
26
-2
0
1
2
5
4
4
5
10
9
9
9
10
13
13
13
13
8
5
5
4
9
10
10
10
17
26
29
29
29
34
34
45
45
52
52
41
41
32
32
41
34
25
18
25
20
13
-2
0
1
2
5
4
4
4
9
10
10
17
20
25
34
29
29
40
53
58
45
52
61
50
50
41
41
32
25
18
18
18
13
13
13
13
8
5
10
10
10
10
10
17
26
26
37
40
29
29
29
29
20
20
20
20
20
20
20
20
20
13
-2
0
1
2
5
5
8
13
10
5
5
5
5
4
4
9
16
17
26
26
37
40
29
20
20
20
20
20
25
32
25
25
25
25
20
17
26
29
29
29
29
29
40
53
50
37
37
37
36
36
37
26
29
34
41
32
41
34
29
20
20
17
26
25
16
16
17
26
29
34
34
41
50
61
72
85
85
100
117
130
145
164
164
181
202
221
242
242
221
202
225
250
233
233
218
193
170
157
136
117
100
89
89
74
74
74
65
80
80
73
68
53
50
37
40
40
45
58
-2
0
1
1
2
5
4
4
5
10
9
16
25
26
37
50
50
49
50
50
50
50
65
65
64
81
82
85
85
90
97
80
89
100
117
106
106
125
146
146
169
180
157
157
157
136
149
130
145
164
185
185
202
221
244
225
225
225
225
225
250
250
233
208
208
208
208
193
193
193
193
193
193
193
170
-2
0
1
2
1
2
2
1
2
2
5
10
9
4
4
4
4
4
4
4
1
1
1
1
2
5
5
5
5
8
8
5
5
4
5
10
13
20
20
17
26
25
36
36
36
37
37
37
37
40
53
58
45
45
45
45
52
52
52
61
72
85
98
98
98
113
130
130
130
149
170
193
180
157
157
136
117
100
100
85
74
61
50
41
52
52
52
52
45
40
40
37
37
26
17
16
17
20
13
10
10
10
5
5
4
4
5
10
13
8
-2
0
1
2
2
2
1
1
1
1
1
4
4
5
8
5
4
5
10
9
9
9
10
17
20
13
13
13
13
18
25
34
41
50
50
41
34
45
52
61
61
74
85
72
61
61
61
61
74
89
106
125
136
157
146
169
194
221
212
212
205
205
234
234
265
272
272
281
292
305
338
353
388
388
373
373
360
349
349
314
325
-2
0
1
4
5
5
2
1
4
4
4
5
10
13
8
8
8
13
20
29
26
37
50
65
65
68
85
90
109
104
104
104
101
101
82
82
82
82
82
82
82
81
82
65
65
68
68
73
80
80
97
106
89
89
89
89
74
74
61
72
85
98
98
113
113
128
113
113
113
100
85
-2
0
1
2
5
8
8
13
18
18
18
25
25
20
20
17
26
25
25
36
49
49
64
81
82
101
122
122
125
130
137
146
157
170
185
202
221
244
265
242
221
200
181
202
202
225
208
233
233
218
245
245
274
261
261
250
241
241
272
281
281
281
314
314
325
292
292
292
292
292
292
292
292
292
292
292
292
292
292
305
320
353
370
405
405
424
445
482
521
562
541
500
500
461
461
461
461
461
461
442
425
464
505
505
522
522
522
522
522
565
565
548
533
490
490
477
477
477
436
436
436
425
425
416
409
370
377
377
386
397
410
410
449
-2
0
1
4
4
5
2
2
1
4
5
5
5
8
13
13
13
13
18
18
13
10
17
16
25
26
17
20
25
34
34
41
32
32
32
41
50
50
61
52
45
45
45
45
40
29
-2
0
1
1
2
2
1
1
4
4
4
5
5
5
5
5
5
8
8
8
13
10
9
16
17
26
29
34
41
52
45
40
40
37
37
50
53
68
73
90
90
90
109
116
137
130
125
104
101
101
101
82
82
81
64
65
-2
0
1
2
5
4
5
5
8
13
20
29
26
17
10
5
5
2
1
2
1
4
5
8
5
5
4
9
16
17
10
13
13
13
18
18
25
20
20
20
29
40
37
36
37
40
40
45
52
65
58
58
58
58
73
90
90
85
68
68
68
65
50
53
-2
0
1
1
4
5
5
2
2
1
1
1
2
5
8
5
5
5
10
13
13
20
17
16
17
26
29
34
41
32
25
20
13
13
18
13
8
5
5
2
2
2
5
10
17
17
17
26
29
40
53
50
49
49
64
81
100
100
100
100
101
82
65
50
53
53
53
68
68
73
73
80
65
52
45
58
-2
0
1
1
1
1
2
5
4
4
4
4
9
16
16
17
26
29
34
41
50
61
61
61
72
61
61
74
65
58
73
73
68
65
82
85
104
104
125
130
153
153
153
148
148
145
170
173
200
205
178
178
185
212
212
221
221
221
250
261
232
232
232
245
218
205
205
180
180
193
170
170
157
157
146
169
160
137
137
116
97
106
89
80
-2
0
1
2
5
5
10
17
16
25
26
26
17
10
13
8
5
10
17
16
25
36
37
50
50
53
58
65
65
65
80
89
106
125
125
136
136
136
149
130
117
117
117
100
100
100
100
85
85
85
85
74
74
74
61
72
61
50
41
41
34
45
58
53
68
65
64
49
49
36
36
36
36
36
37
37
40
40
40
29
20
25
25
25
32
41
41
41
34
29
29
40
40
40
45
45
45
45
45
45
52
-2
0
1
1
1
4
5
8
13
13
20
20
29
40
45
58
73
73
73
68
68
65
64
65
65
50
50
53
68
85
85
104
104
104
101
101
100
81
81
81
82
-2
0
1
1
4
9
10
13
13
20
25
34
41
50
50
61
52
45
45
45
40
29
26
25
16
16
16
16
16
16
16
17
-2
0
1
2
1
1
1
1
4
5
10
17
17
16
16
9
9
9
9
9
9
10
13
8
5
2
1
4
9
16
17
17
10
10
10
10
10
10
10
10
13
18
25
20
29
29
29
26
25
26
17
17
10
10
5
5
8
8
13
13
20
29
29
29
29
29
34
34
41
50
61
72
85
100
100
113
113
128
128
145
145
164
149
170
193
208
233
218
218
245
274
289
320
337
306
325
346
369
340
340
340
365
365
365
392
421
450
481
481
452
452
452
452
425
400
369
369
369
369
369
394
421
-2
0
1
1
4
4
4
4
4
5
2
1
4
5
2
1
2
1
4
5
10
9
16
25
36
37
37
37
40
45
52
61
74
89
80
97
106
125
125
116
137
130
130
130
153
178
173
170
169
144
145
122
125
104
104
101
100
81
82
82
65
50
53
68
68
85
90
90
97
106
89
74
74
61
52
52
65
65
80
73
58
58
45
45
40
37
37
37
37
26
29
20
25
34
34
34
34
34
34
34
41
32
32
25
34
45
58
58
65
65
52
41
41
41
41
41
50
50
50
50
61
61
72
85
100
113
113
113
128
128
145
145
130
113
98
98
98
85
74
74
89
80
80
73
73
68
65
65
82
82
81
81
64
49
49
49
50
53
58
58
65
65
80
89
106
117
117
117
136
136
125
116
97
97
97
97
97
97
97
90
73
68
85
85
104
101
101
100
100
121
122
122
122
145
145
148
148
148
125
130
153
178
178
185
185
185
160
137
137
137
137
137
137
137
137
146
146
146
146
169
169
169
180
157
170
185
202
181
164
145
128
145
162
162
181
202
221
244
269
290
313
288
288
288
265
244
244
269
296
296
277
306
289
274
274
261
232
245
245
245
260
260
260
260
260
260
260
233
208
193
193
193
218
218
218
218
218
218
218
218
218
218
218
218
205
194
194
221
212
212
212
212
205
200
229
229
260
260
257
257
290
289
289
290
257
260
265
272
241
212
185
185
194
221
221
221
221
232
245
274
289
306
306
337
370
405
442
461
500
500
521
544
569
530
530
557
596
596
637
680
709
709
666
666
697
656
689
730
765
808
808
853
818
785
785
832
865
865
865
865
865
900
949
986
1025
1066
1117
1117
1160
1205
1258
1313
1313
1268
1268
1325
1282
1341
1384
1429
1476
1537
1537
1586
1649
1700
1637
1637
1637
1576
1517
1517
1517
1466
1417
1360
1305
1305
1252
1252
1201
1201
1250
1301
1352
1405
1354
1354
1354
1354
1354
1354
1354
1354
1301
-2
0
1
2
2
5
4
9
9
10
5
5
8
5
5
4
1
1
1
1
1
2
5
5
8
5
10
13
18
25
32
32
32
41
52
45
34
34
34
34
29
26
37
36
37
26
29
40
40
40
40
53
50
50
50
50
50
50
49
49
49
49
50
53
58
65
80
80
89
74
74
74
74
74
61
50
61
74
65
58
73
80
97
90
109
109
109
116
116
125
125
136
157
157
180
169
169
194
194
205
205
205
205
232
221
250
250
241
272
305
314
314
325
360
360
397
410
410
425
464
449
436
477
477
520
509
509
554
545
500
500
457
457
466
425
416
416
409
409
409
404
365
365
365
328
333
370
370
370
370
370
377
377
386
386
349
349
349
349
349
349
349
349
349
349
349
349
340
-2
0
1
2
1
1
4
5
10
10
10
10
13
20
17
17
16
17
17
26
37
50
50
65
82
85
90
97
116
125
136
157
180
205
205
218
245
232
232
232
232
232
232
232
232
261
274
289
260
233
233
233
233
208
225
244
269
296
277
250
-2
0
1
1
4
5
2
5
8
8
13
20
17
17
10
10
10
9
10
17
16
16
25
26
37
40
40
29
34
25
32
41
34
45
40
53
53
58
65
65
74
61
61
72
72
61
50
50
50
50
50
41
41
41
41
41
41
41
41
41
41
52
52
52
65
80
80
80
73
73
68
65
82
101
100
81
64
64
49
36
36
37
50
65
68
73
73
90
97
116
116
116
125
136
149
130
145
164
181
181
181
162
162
162
162
145
128
128
113
130
130
130
117
117
136
149
149
164
181
181
202
202
225
208
208
185
185
170
170
157
180
180
193
193
193
193
218
218
233
233
260
277
296
269
290
317
317
317
317
340
369
369
369
369
400
425
425
425
425
425
452
481
481
514
485
485
520
549
549
586
586
586
557
557
557
530
505
468
468
493
493
458
458
458
433
410
377
377
377
356
356
337
320
289
289
289
274
274
305
338
325
360
397
410
449
464
425
442
461
500
541
562
585
628
653
610
569
596
637
666
666
709
680
680
680
680
680
680
680
680
680
725
772
801
801
801
850
821
821
794
794
794
769
820
873
873
898
953
953
1010
1069
1044
985
985
928
928
905
962
941
1000
1061
1042
981
964
905
905
905
922
922
922
865
884
884
884
884
884
884
884
829
850
797
797
776
725
706
689
640
640
593
593
578
578
578
565
554
509
466
477
490
505
522
481
-2
0
1
2
5
5
4
1
2
5
8
13
20
20
29
29
40
40
40
45
34
25
18
18
18
18
18
18
25
20
13
13
13
13
10
17
26
26
29
29
29
29
29
29
34
34
45
58
53
53
50
65
64
81
100
121
122
122
145
145
148
148
173
173
170
170
197
226
229
234
234
241
241
212
212
212
185
160
137
137
116
125
106
106
89
80
65
74
74
74
74
61
61
50
41
41
52
52
65
74
74
74
61
61
61
61
72
85
98
85
85
100
113
113
113
128
113
130
130
130
117
136
136
149
164
164
185
185
185
202
225
208
208
233
260
245
218
193
193
193
170
170
157
146
146
137
160
169
180
180
205
205
205
232
261
292
305
320
320
337
370
389
356
356
325
306
306
306
289
274
-2
0
1
2
1
4
5
10
17
17
26
37
36
37
26
29
29
40
40
45
58
65
52
52
61
50
41
32
25
18
13
20
25
25
25
25
25
25
25
25
25
34
34
34
34
34
34
34
34
34
34
41
-2
0
1
1
2
2
5
8
8
13
10
9
10
10
13
20
17
26
25
16
16
16
17
17
17
17
20
25
32
41
50
61
74
85
100
117
136
157
170
193
208
225
225
244
221
202
181
181
181
164
145
145
130
149
-2
0
1
4
5
8
13
20
20
29
29
26
37
50
53
40
40
40
40
40
40
40
40
40
40
40
40
40
40
40
40
45
52
61
74
74
85
100
113
113
113
98
85
72
61
50
50
50
41
41
52
52
45
45
34
34
34
29
40
40
53
50
50
65
64
64
49
36
25
16
17
26
37
37
37
40
53
53
53
58
45
45
45
45
34
29
29
29
29
29
29
29
29
29
29
20
13
10
10
10
10
5
2
5
8
8
8
13
13
10
9
16
25
25
26
29
29
34
45
45
52
65
65
80
97
106
89
100
85
98
113
130
130
130
130
145
162
162
181
200
221
242
265
244
244
225
208
193
170
185
185
164
149
149
149
149
149
149
149
149
149
136
125
125
146
137
137
130
130
153
148
173
170
170
170
197
197
197
197
196
169
169
169
170
173
178
185
160
169
180
205
205
194
194
194
194
194
194
194
194
221
232
261
261
261
292
325
338
373
410
397
386
386
386
386
425
416
457
500
500
500
509
520
520
477
477
490
533
578
578
625
625
640
657
610
610
593
593
548
548
565
565
584
629
650
697
720
673
698
653
680
709
740
785
818
865
865
832
832
801
754
725
725
772
772
745
745
745
794
821
821
821
821
821
872
901
901
901
954
954
954
925
980
1009
1066
1066
1037
1010
985
928
928
873
850
850
905
905
905
884
884
865
810
757
706
725
746
797
797
797
797
820
845
898
898
898
898
953
-2
0
1
1
1
1
2
5
4
4
4
5
5
8
13
18
25
25
20
17
10
13
-2
0
1
2
5
8
8
5
5
10
17
26
25
25
25
16
17
10
5
8
8
5
2
2
2
2
2
1
2
2
5
4
4
4
1
2
1
1
1
1
4
4
9
10
13
8
8
13
10
5
-2
0
1
1
2
5
8
13
18
25
25
32
32
41
50
50
41
52
65
74
85
100
100
117
130
149
149
149
164
181
200
200
221
244
265
290
269
269
269
250
250
233
218
205
194
185
185
185
160
169
180
180
193
193
193
208
208
225
202
185
185
170
170
170
170
170
170
170
157
157
157
146
137
130
109
90
97
80
73
68
65
82
82
81
64
64
65
82
101
100
100
101
101
122
125
125
125
125
104
104
85
-2
0
1
2
2
2
1
2
5
4
1
1
1
1
2
2
5
8
13
13
20
29
34
25
32
41
52
45
58
73
80
65
65
65
65
65
65
65
65
74
85
85
85
72
61
61
61
50
50
41
41
41
41
52
65
74
61
-2
0
1
2
5
8
13
13
13
20
20
29
34
25
32
41
34
29
40
45
45
45
58
58
73
80
65
52
52
52
61
50
50
50
50
50
41
41
52
45
58
73
80
80
97
90
90
85
82
101
104
104
125
148
173
170
170
170
197
226
257
260
293
328
333
298
265
272
281
314
314
305
305
340
340
340
349
360
360
373
373
338
305
305
292
325
-2
0
1
1
2
1
1
1
2
1
1
2
5
8
8
5
5
5
5
5
4
4
4
4
5
5
8
5
5
5
5
5
10
17
16
17
17
17
10
9
9
9
9
9
9
9
9
9
9
4
4
5
8
13
13
20
17
10
9
16
25
36
36
37
50
49
49
50
53
68
68
85
104
125
122
145
170
170
169
170
197
197
196
196
225
225
226
229
229
200
200
205
234
241
241
241
272
265
265
298
298
298
298
333
340
340
340
377
416
457
466
425
436
449
449
490
505
464
464
464
425
388
353
370
337
320
289
289
306
306
277
296
296
269
269
244
244
221
221
202
225
250
233
260
245
245
218
205
205
232
261
261
274
274
274
274
274
274
305
292
325
338
338
338
338
338
338
338
338
338
338
338
373
410
397
360
349
349
349
349
314
281
281
250
250
250
221
194
194
194
194
194
194
194
194
194
194
194
194
194
194
194
194
194
185
185
212
-2
0
1
2
5
4
1
1
1
1
2
5
4
1
1
1
1
2
5
10
17
20
25
18
25
25
20
17
16
9
10
10
10
5
5
8
8
8
8
8
13
-2
0
1
2
2
5
5
10
13
8
8
13
20
17
10
9
16
16
17
10
10
5
4
4
5
-2
0
1
4
5
5
2
5
8
8
8
13
18
25
32
41
52
61
72
61
50
50
41
41
41
52
52
52
52
65
65
74
85
85
85
100
117
136
157
170
149
130
130
113
98
98
98
98
98
85
74
74
74
89
106
117
130
113
100
-2
0
1
2
5
10
13
20
29
26
37
37
37
50
65
68
85
90
90
97
80
65
65
65
65
58
58
73
-2
0
1
2
5
5
8
8
8
13
18
25
32
32
25
25
25
34
41
41
41
52
45
45
58
58
73
73
80
65
65
74
74
61
61
72
72
72
72
85
85
85
100
117
106
89
-2
0
1
4
5
5
8
13
13
10
17
16
17
17
10
9
-2
0
1
2
5
8
5
10
9
10
10
13
8
8
5
10
9
16
17
17
17
20
13
13
13
13
13
18
18
18
18
18
18
18
25
20
29
29
40
37
37
50
53
58
45
52
52
61
61
74
85
85
98
113
128
145
130
117
117
100
100
100
100
100
100
100
100
113
-2
0
1
1
4
5
8
5
10
13
20
20
17
26
29
29
40
45
34
41
50
61
74
89
80
80
80
73
58
65
65
65
65
52
-2
0
1
1
2
1
4
4
5
5
5
5
10
9
10
13
13
13
13
8
8
13
18
18
18
25
34
45
58
73
68
68
85
85
82
101
100
101
82
85
85
104
104
104
104
109
116
137
137
137
146
157
170
185
202
221
244
265
288
313
340
365
338
338
313
313
313
313
313
340
340
317
346
377
400
369
369
369
369
369
369
369
369
369
369
394
365
365
392
392
392
421
452
485
458
425
400
369
369
369
346
317
296
277
260
233
250
269
269
269
269
269
269
269
290
-2
0
1
2
5
10
9
16
16
25
36
49
50
37
37
26
26
26
26
26
26
17
17
17
17
17
17
20
29
34
41
52
65
58
45
45
45
45
40
40
53
68
73
73
90
97
80
89
89
106
106
125
116
109
104
104
101
82
81
100
100
100
100
101
82
82
65
68
68
73
90
90
85
85
85
85
85
85
104
104
109
130
137
146
146
157
157
157
170
149
130
113
100
89
74
65
80
80
80
80
80
80
80
80
97
97
116
125
125
106
106
106
106
117
117
117
117
117
117
136
-2
0
1
1
4
5
2
1
4
4
4
4
4
5
5
2
2
2
2
1
4
9
9
10
10
5
5
5
5
2
1
1
1
2
2
5
5
8
5
5
5
5
5
5
5
5
5
10
9
9
16
17
17
26
26
29
40
53
68
68
65
64
65
82
85
68
68
68
68
73
58
45
34
41
50
41
52
52
45
40
53
53
68
68
68
73
73
58
58
58
58
58
65
65
65
80
80
80
89
106
125
125
136
117
130
149
149
170
193
218
218
205
205
232
221
194
185
185
160
137
116
116
116
97
97
97
97
97
97
97
90
109
130
125
148
173
173
173
170
197
226
225
196
196
169
170
197
226
229
229
260
293
298
305
340
340
333
333
333
328
325
325
325
362
361
324
289
290
257
256
256
256
256
256
256
256
256
257
257
290
-2
0
1
4
9
16
16
16
25
25
36
37
26
29
29
29
40
40
40
45
45
58
73
73
90
90
85
85
68
65
50
50
50
50
49
50
50
53
58
45
34
34
29
20
25
25
32
41
41
50
41
41
41
41
41
41
52
52
65
80
73
68
65
64
81
100
101
82
82
85
68
68
65
65
65
65
65
65
65
65
65
65
65
65
65
65
65
65
65
65
65
65
65
65
65
65
50
53
58
45
34
25
32
41
50
61
52
65
74
74
85
98
113
130
130
149
149
149
136
136
117
117
117
100
100
100
100
85
72
72
61
52
52
52
52
52
52
52
65
65
65
65
65
65
65
74
74
89
80
97
106
125
125
125
125
146
146
146
157
157
157
157
157
170
170
193
180
205
232
232
221
212
212
212
212
241
250
250
250
250
250
250
250
250
281
272
272
272
272
272
305
298
298
298
293
260
260
265
234
234
229
229
200
200
205
178
173
173
173
148
148
153
160
137
130
130
130
130
130
130
109
104
125
125
122
122
121
122
101
101
104
104
125
148
173
200
200
205
205
205
234
265
265
298
298
293
293
293
328
333
370
365
365
365
365
362
401
400
400
361
362
365
365
404
409
370
370
333
340
377
377
416
457
500
545
545
592
592
641
692
701
754
765
712
661
650
601
554
554
565
612
612
612
612
612
612
612
612
612
612
612
612
612
625
578
578
533
490
505
522
481
500
521
482
445
410
433
468
505
544
585
562
541
541
584
584
565
548
593
593
593
610
657
676
697
650
650
605
605
605
605
628
673
673
673
673
698
698
725
772
772
801
754
785
818
773
730
730
730
765
724
685
648
685
685
650
613
580
580
549
586
586
557
596
637
680
653
628
585
544
544
544
505
468
468
493
520
485
452
481
512
545
578
578
578
578
578
578
613
613
613
650
650
617
617
617
586
549
520
485
514
514
481
481
450
421
394
365
338
313
340
369
346
325
306
277
296
296
296
317
290
269
269
244
265
288
313
313
313
313
290
265
265
265
265
244
269
296
317
340
340
340
340
340
340
340
340
340
369
369
369
369
346
346
377
377
377
356
389
389
389
389
370
337
320
305
338
338
338
373
373
360
360
349
349
349
314
314
325
325
325
292
261
261
261
261
261
261
274
274
274
289
289
260
233
218
218
218
245
-2
0
1
2
1
2
1
2
1
1
2
2
5
4
9
10
5
8
5
5
10
9
16
17
26
25
36
36
37
37
37
37
37
37
37
40
45
58
58
58
73
73
80
89
74
61
72
85
98
98
113
130
117
136
157
180
180
205
205
218
193
208
185
185
164
164
164
181
200
181
162
162
162
145
145
145
128
145
145
164
149
130
130
130
113
113
113
113
113
113
113
113
113
100
100
117
106
106
125
116
137
146
146
169
169
169
180
193
170
170
170
170
157
157
157
157
157
157
157
136
-2
0
1
4
9
16
25
26
29
29
29
29
20
25
32
25
25
34
29
40
37
37
36
25
25
16
17
26
-2
0
1
4
4
5
5
8
5
2
2
2
2
2
2
1
1
4
9
10
10
17
20
25
34
29
29
26
25
36
49
64
81
82
85
104
109
109
116
137
137
137
146
146
146
146
125
106
106
97
90
90
90
90
90
90
90
73
68
68
53
50
65
-2
0
1
2
1
4
5
5
8
5
5
10
9
4
4
4
5
5
8
13
13
20
20
17
10
5
5
2
2
2
2
2
2
2
2
1
4
4
4
9
16
16
25
26
29
29
20
25
32
32
41
50
61
74
85
72
61
74
89
100
113
130
117
117
117
106
97
97
90
109
130
125
148
173
173
170
170
169
144
145
170
197
197
200
229
260
293
293
293
298
298
265
265
272
272
241
241
212
205
178
173
173
173
173
148
148
125
104
101
82
85
90
90
109
109
130
137
160
185
185
185
185
185
185
185
194
194
205
232
221
221
221
221
221
221
250
261
261
292
305
320
289
274
274
274
274
274
274
274
274
274
274
274
245
260
260
260
233
250
225
208
193
218
-2
0
1
2
1
1
4
5
5
10
17
17
20
20
25
34
34
41
32
41
41
50
50
50
50
50
61
74
74
85
72
72
85
85
98
113
128
145
130
113
113
100
89
80
73
73
68
68
65
82
101
122
121
121
121
144
144
169
196
197
200
200
229
229
229
234
205
205
178
185
212
241
272
265
265
265
260
260
260
260
260
293
290
290
290
325
325
362
365
365
328
328
328
328
328
328
328
328
333
298
298
298
298
298
298
298
305
340
349
386
425
436
397
410
449
490
490
477
477
520
565
578
625
640
593
593
548
505
505
522
481
442
461
461
482
445
424
405
405
370
389
356
377
410
410
410
433
433
400
400
400
400
369
394
365
338
313
313
288
288
288
313
313
290
269
296
277
250
250
250
233
208
185
185
185
202
225
225
225
225
244
244
244
265
265
265
242
242
265
265
265
265
265
244
244
269
290
290
317
346
325
325
325
325
296
277
277
306
337
320
305
274
261
232
221
221
221
250
281
281
281
314
314
314
314
325
325
325
360
360
373
373
388
388
388
388
425
464
-2
0
1
1
2
5
10
13
18
25
32
25
25
25
34
45
58
53
53
68
65
50
50
50
49
49
50
65
64
64
64
64
81
82
85
85
85
85
68
73
80
97
106
89
100
117
130
130
130
113
98
85
74
74
89
80
97
106
117
117
117
117
117
136
157
180
169
160
137
130
125
122
145
170
169
169
144
144
145
170
197
200
205
212
241
272
272
265
260
293
328
365
370
409
404
445
488
533
538
545
554
509
520
565
578
533
533
533
548
548
548
565
610
593
593
593
593
593
593
593
593
593
593
593
640
689
674
725
712
701
754
745
800
809
809
820
765
778
833
833
890
890
949
936
936
936
936
997
1060
1060
1073
1073
1073
1010
1025
964
981
981
1000
1000
941
962
905
850
873
898
898
898
925
872
821
821
821
850
850
881
832
832
832
865
818
853
853
900
900
949
949
949
949
914
914
965
932
901
901
954
954
954
954
1009
1040
1097
1156
1189
1250
1250
1285
1322
1261
1300
1241
1202
1202
1202
1165
1108
1108
1108
1073
1018
985
-2
0
1
4
4
5
8
13
10
17
20
20
29
40
53
53
50
50
37
37
37
36
37
37
26
26
29
29
20
13
10
5
8
13
20
29
40
45
52
52
41
34
34
34
34
34
34
34
34
34
34
34
34
34
25
18
18
18
18
18
18
25
32
32
32
32
32
32
41
50
50
50
50
61
72
85
85
100
113
113
130
145
145
128
128
145
162
181
202
202
185
208
225
225
244
221
221
200
200
200
200
181
202
185
170
170
193
208
225
250
233
233
218
218
245
260
289
320
320
353
338
373
388
388
388
425
442
442
405
370
389
424
445
468
468
468
493
458
458
425
394
369
346
377
356
337
337
306
306
277
277
277
296
269
269
244
221
221
242
265
288
313
313
340
317
346
369
369
369
394
421
450
450
450
421
421
452
485
485
485
514
549
586
617
580
580
580
580
545
545
512
481
514
549
549
520
557
557
586
586
586
586
586
625
666
709
754
785
818
773
730
730
697
697
697
697
697
697
656
656
617
617
580
545
545
545
545
545
578
613
650
650
650
650
650
650
650
650
650
650
685
722
722
722
685
685
650
689
689
689
689
689
689
724
765
808
853
900
865
914
965
932
881
832
832
832
832
832
832
832
832
832
832
832
801
772
745
745
698
698
725
725
725
725
725
680
680
680
637
596
596
596
596
596
569
610
610
610
610
610
585
585
562
541
522
522
522
522
522
505
505
505
490
477
477
520
533
578
625
625
640
689
674
725
740
740
793
793
848
865
922
922
922
922
981
1042
1042
1061
1082
1082
1145
1145
1210
1189
1189
1256
1256
1277
1346
1346
1325
1396
1417
1417
1490
1490
1469
1450
1433
1360
1345
1274
1261
1261
1250
1241
1241
1241
1312
1312
1385
1378
1373
1370
1297
1296
1225
1225
1225
1226
1229
1160
1165
1098
1098
1098
1093
1028
1025
1025
1090
1090
1090
1089
1024
1024
961
962
901
900
900
901
962
962
962
965
970
909
916
925
866
877
877
877
877
820
809
809
809
809
754
745
738
793
793
800
857
850
845
788
788
733
730
785
842
842
842
842
841
841
841
841
784
785
788
845
842
-2
0
1
2
2
5
8
5
4
4
5
8
8
5
4
4
1
2
-2
0
1
1
2
5
10
9
16
17
10
10
10
13
8
13
10
9
9
16
25
25
25
26
37
50
49
49
36
36
36
36
36
37
40
29
26
26
26
17
20
20
25
25
32
25
34
45
40
29
20
-2
0
1
4
9
9
10
5
2
1
4
5
8
13
18
25
25
34
34
34
41
50
61
72
85
100
100
113
113
98
98
98
85
74
74
89
100
113
113
130
117
117
117
117
117
136
157
170
170
193
193
193
218
233
250
250
277
260
260
260
289
289
320
320
305
338
373
360
349
314
325
325
292
261
261
232
232
221
194
169
146
137
116
116
97
80
80
80
73
73
90
90
90
85
85
82
65
65
65
64
81
100
101
101
122
122
121
121
121
121
121
121
121
121
121
121
144
145
122
125
130
130
153
160
160
185
178
173
148
-2
0
1
2
2
2
1
2
1
1
2
2
5
8
8
13
10
5
5
5
4
9
16
25
26
29
34
34
41
50
50
61
72
85
74
74
74
65
52
52
52
45
58
73
68
65
82
85
85
85
104
101
101
122
145
170
173
178
178
178
153
130
130
130
125
125
125
148
-2
0
1
1
2
5
4
9
9
9
16
17
17
26
25
25
26
17
10
13
18
25
20
29
34
41
32
32
32
41
34
29
40
40
53
53
50
50
49
36
36
37
37
37
26
26
25
26
37
40
45
45
45
34
41
41
32
41
34
34
45
40
40
40
40
40
37
50
50
49
50
37
36
36
36
36
36
25
26
17
10
5
5
8
8
13
18
25
20
29
34
34
34
41
41
32
41
52
45
34
34
34
34
34
34
29
20
20
25
-2
0
1
1
4
4
9
10
5
5
5
5
5
2
2
2
2
2
2
1
4
5
8
13
10
10
10
9
10
5
2
1
4
5
10
10
13
8
8
8
13
20
29
40
37
26
26
26
17
16
17
26
25
25
25
36
37
40
53
53
58
73
73
80
89
74
74
65
65
65
65
52
61
61
61
61
61
61
72
72
72
85
100
117
136
157
170
170
149
149
149
149
149
130
130
113
98
98
98
113
130
149
170
185
185
185
202
202
181
162
145
128
145
164
185
185
202
181
181
181
181
181
181
181
181
181
181
181
181
181
181
181
181
181
181
181
200
221
244
225
250
277
260
233
218
218
193
208
-2
0
1
2
2
5
4
4
5
8
8
8
5
5
2
2
2
2
2
2
2
1
2
5
4
4
9
10
17
16
16
25
25
26
26
26
37
36
49
50
50
50
50
53
40
29
34
25
32
41
52
65
65
74
85
98
98
113
113
113
130
145
162
145
128
128
128
128
128
128
128
128
128
128
128
113
113
100
100
117
136
125
125
116
116
97
97
97
97
97
97
106
106
106
106
106
106
89
89
89
89
89
80
80
73
73
73
58
58
58
45
-2
0
1
4
5
2
1
1
4
4
4
5
8
8
13
20
17
10
10
10
10
10
10
10
10
10
10
10
10
10
9
9
10
5
5
5
5
2
5
5
8
8
13
20
29
40
53
53
50
50
50
37
37
37
37
37
37
37
37
37
26
17
16
16
25
26
37
50
50
49
64
64
65
65
65
82
82
85
90
73
73
73
73
58
53
53
53
53
53
68
-2
0
1
2
2
5
8
13
13
20
29
40
45
52
52
65
65
74
74
74
85
98
98
98
85
85
85
85
100
113
130
117
136
149
149
164
164
185
208
193
180
169
169
194
221
250
241
241
212
185
185
178
205
234
234
234
234
234
229
260
293
328
333
340
305
305
298
298
298
298
298
298
298
265
265
265
265
265
272
272
272
272
272
272
272
272
272
272
272
272
281
281
292
292
325
338
373
388
405
405
405
424
389
410
445
445
482
505
544
544
569
596
557
586
625
666
697
730
765
765
724
724
685
722
761
761
761
761
761
761
761
761
800
761
761
761
724
765
808
808
853
890
890
937
900
900
865
914
881
932
985
954
925
925
980
980
1037
1010
953
953
953
898
845
794
769
769
720
720
673
650
697
676
629
629
629
584
565
565
610
657
640
593
593
578
578
533
520
477
466
425
436
436
397
410
449
449
449
449
490
490
490
505
505
505
505
464
464
464
464
481
500
541
562
521
544
544
505
530
530
493
520
485
485
485
485
514
549
586
617
650
689
656
625
625
596
569
610
653
698
725
725
680
680
709
666
666
697
730
730
730
730
773
773
773
773
773
818
785
832
801
801
801
772
772
745
-2
0
1
2
2
5
8
8
13
20
20
29
29
29
26
25
25
25
25
26
26
26
26
37
37
37
36
36
49
50
50
53
68
65
65
65
64
81
100
101
101
104
125
130
130
130
130
153
148
173
173
200
229
226
225
196
197
197
197
197
170
170
169
144
145
145
145
122
122
122
121
122
125
130
153
153
148
148
145
170
170
173
178
178
178
178
185
185
212
212
241
234
205
205
205
205
205
200
197
197
197
197
197
197
197
197
197
197
197
197
197
226
226
226
226
226
226
229
229
229
260
260
260
260
293
328
365
365
362
401
400
400
400
361
361
361
361
324
325
325
325
325
325
290
290
289
289
290
325
362
362
362
362
401
404
409
409
450
450
445
488
485
442
442
442
442
442
441
442
442
485
488
488
533
580
577
576
529
484
-2
0
1
4
5
10
9
9
9
9
10
5
5
5
8
8
13
18
18
13
13
20
17
17
17
17
17
26
37
50
49
50
37
40
45
58
65
74
85
85
85
98
113
128
113
130
130
130
145
162
162
181
200
221
221
242
265
244
244
244
225
202
202
202
202
202
202
202
221
-2
0
1
2
1
2
2
5
10
13
8
5
5
4
1
1
2
1
1
2
2
5
10
10
9
9
4
4
4
5
10
13
18
25
32
32
25
34
41
41
41
41
41
41
52
65
74
85
98
98
85
72
61
50
61
52
41
41
41
41
41
41
41
41
41
34
34
34
29
29
26
26
17
17
17
17
20
-2
0
1
2
5
5
8
13
20
29
40
40
37
37
36
25
26
26
17
16
17
26
29
40
40
53
50
50
49
49
64
65
68
53
53
53
58
58
45
34
34
25
25
25
25
25
18
25
25
32
41
41
52
65
80
73
73
73
73
73
73
73
90
85
85
82
82
81
81
100
101
101
101
101
101
101
101
104
109
116
125
106
117
100
89
89
89
89
89
89
89
89
89
89
89
74
74
61
72
61
52
41
34
45
58
73
90
90
85
68
68
68
65
50
49
64
81
82
82
101
122
121
122
145
148
125
104
109
130
130
153
153
153
153
160
169
169
169
180
157
136
125
106
106
89
100
85
85
72
72
85
98
98
98
113
130
130
145
162
181
202
225
250
277
306
306
306
289
260
260
260
233
233
233
233
233
233
233
218
193
193
208
208
208
208
185
164
164
164
164
164
149
149
136
157
146
125
116
137
137
160
169
180
180
180
180
180
180
180
205
232
261
261
261
274
305
305
320
337
356
325
325
346
369
394
365
392
421
421
394
394
425
458
458
485
520
520
557
586
549
549
549
580
617
617
617
617
617
656
697
730
773
773
740
740
785
754
725
725
698
673
720
769
794
845
820
820
797
850
873
873
898
898
925
872
821
850
801
772
772
772
772
772
745
-2
0
1
1
2
2
2
5
4
9
10
13
8
5
5
5
5
4
9
10
10
17
17
26
26
26
25
25
25
25
25
26
17
16
-2
0
1
2
1
4
4
5
10
13
18
18
18
25
32
25
25
25
25
34
41
41
41
41
41
41
41
50
41
34
34
29
20
20
17
16
16
9
4
4
4
5
10
10
13
13
13
13
8
-2
0
1
2
5
8
5
10
9
4
5
2
2
5
5
8
8
13
18
18
25
20
13
13
13
13
13
13
13
10
17
16
25
26
29
29
29
40
40
40
37
37
37
50
53
53
68
65
64
81
100
100
100
100
100
121
122
125
130
137
116
125
125
106
106
89
100
100
85
85
98
113
113
128
145
130
113
100
100
100
89
89
74
74
61
61
52
65
58
45
40
53
53
68
73
90
97
97
116
116
109
109
109
130
137
137
146
157
170
185
208
208
233
250
269
290
290
265
265
288
288
313
313
290
290
265
265
242
242
221
244
244
244
225
225
225
225
225
225
225
225
225
225
225
225
225
225
225
225
225
202
202
202
202
202
202
202
181
164
164
164
164
164
164
149
136
136
117
117
117
117
117
117
117
117
117
106
106
106
106
106
106
106
106
106
106
106
125
-2
0
1
1
2
5
8
13
13
10
17
17
20
20
20
29
40
53
68
73
73
73
73
90
97
106
117
117
136
149
149
164
181
202
225
244
244
269
296
325
306
337
337
370
370
389
424
424
461
442
405
388
353
353
338
325
325
360
373
373
410
397
397
436
436
449
490
533
548
593
640
625
612
565
520
520
477
477
477
477
477
466
466
425
416
409
450
493
493
538
585
592
545
545
554
601
650
701
754
809
866
925
916
909
909
909
904
901
842
842
845
788
785
785
784
729
730
677
676
677
626
626
577
577
577
530
529
530
485
488
493
493
450
409
416
425
386
349
314
314
281
250
241
272
272
305
298
293
260
229
200
205
205
212
185
185
178
173
173
173
173
148
153
153
160
137
137
130
130
125
125
122
101
100
101
122
125
104
109
109
109
109
116
116
125
125
125
125
146
169
194
185
160
153
148
173
178
178
178
205
200
229
234
265
272
281
314
314
314
314
305
340
333
370
370
370
370
370
370
370
370
377
377
386
386
386
386
386
386
386
386
386
386
386
386
349
-2
0
1
2
1
1
4
4
4
4
5
5
8
13
10
9
9
9
10
10
17
17
16
16
25
25
36
49
50
50
53
40
40
45
58
58
65
52
41
41
50
61
72
72
61
74
74
85
85
85
100
117
117
106
125
146
146
146
146
137
160
160
160
169
169
194
221
212
205
234
241
272
281
250
250
261
232
245
245
260
277
306
306
289
274
274
305
305
320
320
320
337
370
405
405
388
425
410
397
436
425
466
477
490
490
533
533
548
505
522
522
522
481
442
442
461
482
482
482
445
468
493
493
458
425
394
365
340
340
340
369
400
400
400
400
400
400
433
410
410
377
356
356
389
389
389
389
389
389
389
389
389
389
424
-2
0
1
1
4
5
2
1
2
1
1
1
4
9
9
9
10
5
5
8
13
20
20
29
29
34
41
52
52
45
45
45
40
53
68
85
82
101
122
122
125
104
104
104
104
109
90
73
58
58
58
58
58
58
58
58
58
58
65
74
85
85
72
72
61
52
52
65
80
80
73
68
68
85
82
101
100
81
64
49
50
50
65
68
73
58
45
45
45
40
53
-2
0
1
1
2
5
8
13
10
10
9
9
9
10
13
20
20
25
34
29
40
45
58
53
68
68
73
73
90
90
90
109
130
125
148
153
160
169
169
194
205
180
180
193
218
218
218
245
260
289
306
306
306
277
277
277
250
225
244
269
269
296
317
317
340
313
288
265
290
-2
0
1
2
1
2
2
5
4
5
2
2
1
-2
0
1
2
1
1
1
1
2
5
8
5
4
5
5
8
8
13
10
10
17
16
17
26
29
29
20
20
20
20
25
34
45
40
53
50
50
49
36
36
36
37
-2
0
1
2
1
1
1
1
4
9
9
9
10
10
5
5
5
8
13
18
13
13
20
20
25
32
41
34
45
45
52
65
58
58
58
58
58
73
80
97
106
117
136
149
149
149
149
164
185
208
193
170
170
170
170
170
170
157
157
180
180
180
205
232
245
218
218
218
218
218
218
218
218
218
233
250
277
296
296
325
325
325
306
289
274
274
274
261
261
261
292
292
305
320
320
320
320
320
320
320
320
320
320
337
370
405
405
442
442
442
461
500
521
562
605
628
628
653
698
745
720
720
697
697
676
657
640
593
610
565
565
565
584
541
541
541
522
522
481
481
464
449
449
449
490
505
505
505
505
505
548
533
578
565
612
601
554
545
500
500
457
450
450
493
493
488
445
445
445
445
404
401
442
485
485
485
485
484
484
484
441
441
441
442
442
485
488
533
580
580
629
634
585
585
592
641
641
641
641
641
650
650
650
701
692
692
685
685
685
685
738
733
733
730
729
730
733
788
793
738
738
745
754
765
765
778
725
725
712
712
661
650
650
641
634
629
629
680
680
680
677
676
676
677
677
626
626
577
577
576
625
625
625
625
625
625
625
625
625
625
625
626
626
577
577
530
533
533
533
580
580
580
580
580
580
580
580
580
580
580
580
580
585
585
538
-2
0
1
4
4
9
10
13
13
13
18
13
8
5
5
2
1
2
2
5
10
10
17
17
16
16
17
20
25
25
18
18
18
13
13
8
5
2
2
1
2
5
8
13
13
20
25
34
41
52
52
45
58
73
68
85
85
82
101
101
104
104
125
122
122
122
122
122
122
145
170
173
200
229
234
205
205
212
221
232
245
218
205
205
205
205
205
194
185
178
178
178
153
153
148
-2
0
1
2
1
2
5
10
17
26
37
36
36
25
16
16
16
16
9
9
4
4
4
1
2
2
5
5
5
8
13
10
17
26
26
26
25
25
25
16
17
20
29
34
45
58
58
58
65
52
52
61
61
61
74
85
100
113
128
145
162
181
202
185
164
164
149
130
130
145
-2
0
1
2
5
4
9
16
17
17
17
20
29
34
25
25
25
18
13
8
5
5
10
10
17
17
16
9
9
9
4
4
5
2
2
2
2
2
2
5
5
5
4
5
2
1
1
4
5
5
5
5
10
10
17
16
17
10
9
-2
0
