1275	1
1276
1277
1277
1227
1226
1226
1176
1175
1125
1124
1174
1174
1174
1173
1223
1224
1224
1224
1274
1274
1324
1374
1373
1323
1323
1323
1323
1322
1272
1272
1273
-2
1275	1
1276
1326
1326
1376
1376
1375
1325
1325
1325
1325
1325
1324
1274
1274
1224
1174
1173
1223
1223
1222
1221
1271
1270
1269
1219
1218
1217
1216
1215
1214
1264
1314
1313
1263
1263
1263
1263
1263
1213
1163
1162
1212
1262
1312
1362
1362
1362
1361
1361
1411
1411
1461
1460
1510
1510
1560
1559
1609
1608
1608
1607
1606
1606
1606
1606
1656
1656
1657
1707
1757
1757
1757
1756
1706
1706
1705
1704
1754
1755
1805
1804
1804
1803
1753
1703
1703
1653
1653
1654
1655
1655
1655
1655
1655
1655
1655
1655
1605
1604
1604
1604
1604
1554
1554
1504
1503
1453
1454
1454
1404
1405
1355
1355
1355
1354
1304
1304
1305
1306
1307
1308
1309
1359
1409
1409
1459
1459
1459
1459
1459
1509
1509
1509
1509
1509
1508
1558
1557
1557
1556
1556
1556
1556
1556
1555
1555
1505
1505
1505
1455
1455
1455
1455
1455
1455
1455
1455
1455
1456
1506
1507
1507
1457
1458
1458
1458
1458
1458
1458
1458
1458
1408
1358
1358
1358
1358
1358
1357
1356
1356
1356
1356
1356
1406
1406
1406
1406
1406
1406
1406
1407
-2
1275	1
1325
1326
1376
1376
1426
1476
1526
1576
1626
1627
1677
1676
1675
1725
1775
1825
1824
1823
1773
1772
1722
1672
1673
1674
1624
1623
1622
1572
1572
1571
1621
1620
1670
1669
1669
1668
1667
1667
1617
1567
1517
1467
1467
1467
1468
1468
1518
1568
1568
1568
1568
1618
1618
1618
1619
1619
1569
1569
1519
1469
1419
1420
1421
1422
1472
1473
1523
1523
1523
1524
1524
1524
1474
1474
1424
1423
1373
1323
1273
1272
1271
1321
1321
1322
1322
1322
1322
1372
1372
1371
1371
1370
1370
1370
1369
1369
1319
1269
1270
1270
1270
1320
-2
1275	1
1325
1375
1425
1425
1424
1374
1373
1372
1371
1421
1421
1422
1472
1472
1472
1473
1473
1523
1524
1525
1526
1527
1577
1577
1578
1579
1529
1529
1530
1531
1531
1532
1582
1582
1582
1581
1631
1681
1681
1680
1730
1729
1728
1727
1727
1777
1827
1877
1927
1928
1929
1930
1880
1880
1830
1780
1780
1779
1779
1779
1829
1829
1829
1879
1879
1878
1828
1778
-2
1275	1
1325
1324
1323
1273
1273
1272
1271
1271
1271
1271
1321
1320
1319
1319
1369
1368
1418
1418
1417
1416
1466
1465
1515
1565
1615
1665
1715
1715
1715
1714
1713
1663
1664
1664
1664
1664
1664
1614
1614
1614
1613
1613
1563
1564
1564
1514
1513
1513
1512
1462
1461
1411
1412
1412
1362
1362
1361
1361
1311
1312
1312
1312
1262
1262
1263
1264
1265
1315
1314
1314
1364
1365
1366
1316
1266
1216
1215
1215
1165
1166
1116
1116
1115
1065
1064
1114
1114
1114
1114
1113
1113
1163
1163
1162
1212
1212
1212
1212
1212
1211
1211
1211
1261
1261
1261
1261
1260
1260
1260
1310
1310
1310
1360
1359
1409
1409
1408
1408
1407
1406
1405
1404
1354
1354
1304
1254
1204
1154
1155
1205
1255
1256
1306
1305
1305
1305
1305
1355
1355
1355
1355
1355
1355
1355
1355
1356
1357
1357
1358
1358
1358
1358
1308
1308
1307
1307
1307
1307
1307
1257
1257
1258
1208
1208
1208
1207
1157
1156
1156
1206
-2
1275	1
1276
1226
1225
1225
1225
1175
1176
1126
1126
1076
1026
1027
1028
1078
1128
1178
1178
1177
1177
1177
1177
1177
1177
1177
1177
1227
1228
1229
1229
1279
1329
1379
1379
1379
1378
1377
1376
1375
1425
1424
1424
1374
1373
1323
1324
1324
1274
1224
1224
1224
1223
1222
1221
1221
1220
1220
1220
1219
1219
1269
1268
1268
1267
1317
1316
1316
1266
1216
1216
1166
1166
1167
1217
1217
1217
1218
1218
1218
1218
1168
1169
1170
1170
1170
1120
1119
1119
1118
1118
1118
1068
1068
1069
1070
1070
1070
1071
1021
1021
1022
1072
1122
1122
1121
1121
1171
1171
1171
1171
1171
1172
1172
1172
1173
1123
1123
1123
1073
1023
1023
1023
1023
1023
1023
1023
1023
973
974
975
925
926
976
976
976
976
976
976
976
976
976
976
977
977
978
979
929
930
980
980
980
1030
1031
981
981
981
982
932
882
883
833
832
782
732
732
732
732
732
733
683
683
684
685
735
785
785
786
787
737
738
788
838
888
938
939
939
989
989
1039
1040
1040
990
990
990
990
990
990
990
990
990
991
991
992
942
892
892
891
890
890
940
940
940
940
940
940
940
941
-2
1275	1
1276
1277
1327
1326
1325
1375
1375
1375
1375
1376
1426
1425
1475
1525
1575
1575
1625
1625
1625
1624
1623
1573
1574
1574
1574
1524
1524
1524
1524
1524
1524
1524
1524
1524
1524
1523
1523
1523
1523
1522
1472
1472
1473
1423
1423
1423
1422
1421
1421
1471
1471
1521
1521
1521
1521
1521
1571
1571
1571
1621
1622
1622
1672
1673
1673
1723
1722
1772
1822
1821
1771
1721
1671
1670
1669
1669
1619
1569
1569
1568
1518
1519
1519
1519
1469
1468
1468
1418
1418
1419
1420
1420
1420
1420
1370
1320
1320
1321
1271
1271
1271
1271
1272
1273
1223
1223
1173
1172
1172
1172
1122
1072
1073
1123
1124
1124
1124
1174
1224
1224
1225
1226
1226
1226
1227
1177
1178
1179
1179
1129
1129
1079
1080
1081
1081
1031
1031
1031
1032
1033
1034
1034
1034
984
983
982
982
932
931
931
981
980
980
1030
1030
1030
1030
1029
979
978
1028
1028
1078
1078
1078
1078
1077
1077
1027
1027
1027
1026
976
975
1025
1025
1025
1075
1075
1125
1175
1175
1175
1176
1176
1176
1126
1127
1127
1127
1127
1127
1127
1127
1127
1127
1127
1127
1128
-2
1275	1
1276
1226
1226
1225
1225
1225
1225
1224
1274
1324
1374
1424
1423
1422
1422
1422
1372
1371
1321
1322
1322
1272
1222
1222
1172
1122
1122
1121
1071
1071
1072
1022
1023
1073
1074
1124
1125
1126
1126
1176
1176
1175
1175
1174
1174
1174
1174
1173
1223
1223
1273
1273
1273
1273
1273
1323
1323
1323
1323
1323
1323
1373
-2
1275	1
1276
1277
1327
1326
1325
1375
1375
1376
1376
1377
1377
1427
1477
1527
1526
1526
1476
1426
1426
1426
1425
1425
1475
1475
1475
1474
1424
1424
1424
1424
1424
1374
1374
1373
1423
1423
1423
1423
1422
1422
1421
1421
1421
1371
1371
1371
1370
1320
1270
1269
1219
1220
1220
1221
1171
1171
1171
1171
1170
1170
1169
1168
1118
1068
1018
968
968
968
967
966
966
916
915
865
865
815
816
766
765
764
814
814
813
863
863
864
864
864
914
914
914
914
914
913
963
963
1013
1063
1064
1064
1014
964
965
965
965
1015
1015
1065
1065
1066
1016
1016
1016
1016
1017
1017
1067
1117
1167
1217
1218
1218
1218
1218
1268
1268
1267
1317
1318
1368
1367
1366
1366
1365
1415
1414
1413
1363
1313
1314
1314
1364
-2
1275	1
1325
1375
1374
1374
1324
1324
1323
1322
1322
1372
1373
1423
1424
1424
1425
1425
1425
1426
1427
1428
1478
1477
1477
1477
1477
1476
1475
1475
1475
1475
1475
1475
1475
1475
1475
1475
1525
1575
1625
1626
1676
1677
1678
1728
1728
1728
1728
1778
1777
1727
1727
1727
1727
1727
1727
1726
1776
1776
1826
1827
1827
1828
1828
1828
1829
1829
1879
1880
1880
1930
1930
1930
1980
1980
1980
1980
1979
2029
2029
2030
2030
2030
2030
2030
2030
2031
2081
2082
2083
2133
2133
2133
2134
2184
2234
2234
2234
2233
2232
2232
2231
2281
2280
2230
2230
2230
2229
2279
2278
2278
2278
2328
2328
2378
2378
2428
2478
2478
2479
2480
2430
2380
2330
2330
2331
2331
2331
2331
2381
2382
2382
2332
2333
2283
2283
2283
2284
2284
2285
2335
2334
2334
2384
2385
2386
2387
2437
2487
2486
-1
36
37
87
87
87
87
86
136
137
137
137
137
138
139
89
39
40
40
-1
2490
2489
2489
2439
2389
2390
2391
2341
2342
2292
2293
2294
2344
2345
2346
2396
2395
2394
2394
2394
2394
2394
2393
2393
2392
2392
2392
2442
2492
2492
2491
2441
2441
2441
2440
-2
1275	1
1225
1226
1226
1226
1227
1227
1227
1177
1176
1176
1176
1126
1125
1125
1124
1174
1173
1172
1172
1171
1170
1169
1168
1167
1217
1216
1215
1265
1266
1266
1267
1267
1267
1267
1268
1318
1318
1317
1317
1367
1417
1417
1417
1416
1366
1366
1365
1415
1414
1413
1412
1412
1362
1363
1363
1364
1364
1314
1315
1315
1316
-2
1275	1
1325
1375
1376
1376
1377
1427
1426
1476
1526
1526
1527
1477
1477
1477
1477
1477
1477
1477
1477
1477
1477
1478
1478
1479
1479
1479
1529
1528
1578
1577
1577
1627
1627
1627
1627
1627
1628
1629
1630
1631
1631
1632
1632
1632
1682
1682
1732
1731
1731
1681
1681
1681
1681
1681
1680
1680
1680
1680
1679
1679
1679
1679
1679
1679
1678
1677
1727
1777
1776
1776
1776
1776
1726
1725
1724
1724
1724
1723
1773
1774
1824
1874
1873
1823
1822
1822
1821
1821
1820
1770
1720
1719
1669
1619
1620
1621
1671
1721
1771
1771
1772
1772
1772
1722
1722
1672
1672
1672
1672
1622
1622
1622
1623
1573
1523
1523
1522
1572
1572
1572
1572
1572
1572
1571
1570
1570
1569
1519
1519
1518
1568
1618
1618
1617
1617
1617
1617
1667
1717
1718
1718
1718
1768
1769
1769
1769
1769
1769
1769
1819
1869
1869
1870
1870
1871
1871
1871
1871
1872
1872
1872
1872
1872
1872
1922
1921
1971
2021
2021
2020
2070
2069
2019
2019
2018
1968
1918
1918
1919
1919
1969
1969
1969
1969
1969
1970
1970
1970
1970
1970
1970
1970
1970
1970
1970
1970
1970
1920
-2
1275	1
1274
1274
1224
1225
1175
1175
1125
1124
1074
1073
1072
1122
1123
1123
1123
1123
1123
1123
1173
1174
-2
1275	1
1276
1326
1326
1326
1327
1328
1378
1379
1429
1429
1428
1428
1478
1477
1477
1477
1477
1527
1577
1578
1578
1628
1628
1628
1627
1627
1626
1626
1576
1575
1574
1573
1523
1524
1525
1475
1476
1526
-2
1275	1
1276
1276
1276
1226
1226
1176
1126
1126
1127
1127
1128
1078
1077
1077
1076
1026
1025
1024
1074
1073
1023
1023
1023
1022
1022
972
971
1021
1021
1071
1072
1072
1072
1072
1122
1122
1123
1123
1123
1124
1125
1075
-2
1275	1
1225
1175
1176
1126
1127
1177
1178
1128
1129
1079
1078
1028
1028
1028
1029
979
979
929
930
931
932
933
934
935
985
1035
1035
1085
1084
1134
1134
1184
1185
1185
1186
1136
1086
1087
1087
1087
1087
1037
1037
987
988
989
1039
1089
1089
1139
1189
1188
1238
1239
1289
1339
1389
1390
1440
1440
1441
1442
1392
1393
1393
1343
1342
1342
1341
1291
1290
1240
1240
1240
1240
1240
1240
1240
1240
1241
1191
1191
1191
1141
1141
1140
1140
1190
-2
1275	1
1225
1175
1174
1224
1223
1223
1222
1221
1221
1220
1219
1169
1169
1168
1168
1167
1217
1217
1216
1216
1266
1267
1267
1317
1316
1316
1316
1366
1416
1416
1417
1418
1468
1518
1568
1568
1618
1617
1617
1667
1667
1717
1717
1717
1717
1717
1767
1768
1768
1768
1769
1719
1718
1718
1668
1669
1670
1670
1671
1721
1722
1672
1672
1672
1673
1723
1724
1725
1725
1675
1675
1675
1676
1677
1678
1628
1627
1627
1577
1578
1578
1528
1527
1477
1478
1478
1478
1479
1479
1529
1530
1530
1480
1481
1481
1481
1482
1532
1531
1531
1531
1531
1531
1531
1581
1580
1580
1580
1630
1629
1579
-2
1275	1
1325
1326
1376
1376
1426
1427
1427
1428
1378
1328
1328
1328
1329
1330
1331
1331
1381
1382
1382
1432
1431
1430
1480
1530
1580
1579
1578
1578
1577
1627
1628
1628
1629
1630
1680
1730
1730
1729
1779
1829
1830
1830
1830
1831
1881
1880
1879
1878
1877
1827
1826
1776
1776
1775
1775
1774
1774
1824
1874
1924
1923
1973
1973
1972
2022
2023
2023
2024
2024
1974
1974
1974
1975
1975
2025
2075
2076
2076
2076
2126
2127
2128
2129
2179
2229
2229
2228
2278
2279
2279
2329
2379
2379
2380
2330
2331
2281
2281
2231
2231
2181
2131
2130
2080
2080
2079
2079
2079
2079
2078
2078
2078
2078
2078
2078
2077
2077
2077
2077
2077
2077
2027
2026
2026
2026
2026
2026
2026
2026
2026
2026
2026
2026
1976
1926
1876
1876
1875
1875
1875
1825
-2
1275	1
1225
1225
1225
1175
1176
1226
1276
1326
1376
1377
1327
1327
1327
1327
1277
1227
1227
1227
1228
1178
1128
1078
1078
1077
1027
1028
1029
1029
1079
1079
1129
1129
1129
1179
1179
1229
1229
1229
1229
1229
1229
1230
1180
1130
1130
1130
1130
1130
1130
1131
1132
1133
1133
1134
1134
1135
1136
1186
1185
1185
1185
1184
1184
1184
1184
1184
1234
1235
1235
1235
1235
1236
1236
1286
1285
1284
1334
1334
1335
1335
1335
1335
1335
1336
1336
1337
1338
1388
1438
1488
1538
1538
1537
1487
1486
1536
1536
1536
1586
1636
1637
1587
1587
1587
1587
1587
1587
1587
1587
1587
1587
1587
1587
1587
1587
1587
1587
1587
1587
1587
1587
1588
1589
1539
1539
1539
1540
1590
1591
1592
1592
1593
1593
1543
1543
1544
1594
1594
1594
1594
1644
1645
1646
1696
1695
1745
1745
1745
1744
1743
1743
1693
1693
1694
-2
1275	1
1274
1274
1224
1225
1175
1174
1174
1124
1124
1124
1074
1074
1075
1025
975
975
975
974
1024
1024
1024
1024
1023
1023
1022
1021
1071
1070
1070
1069
1068
1067
1117
1167
1217
1218
1218
1268
1267
1267
1266
1316
1317
1367
1367
1366
1365
1315
1265
1215
1216
1166
1165
1165
1115
1065
1015
965
966
916
916
916
917
917
967
1017
1017
1017
1016
1016
1066
1066
1066
1116
-2
1275	1
1276
1226
1225
1225
1224
1224
1274
1273
1272
1322
1372
1372
1422
1423
1373
1374
1424
1424
1474
1524
1574
1573
1573
1572
1622
1622
1622
1622
1622
1621
1620
1619
1619
1569
1568
1567
1517
1516
1466
1467
1417
1367
1366
1366
1316
1316
1266
1216
1166
1116
1066
1067
1068
1068
1118
1168
1169
1119
1120
1070
1070
1070
1070
1070
1071
1071
1071
1071
1021
1022
1072
1122
1121
1121
1171
1221
1222
1172
1172
1172
1172
1172
1172
1172
1173
1173
1123
1124
1125
1125
1125
1175
1175
1174
-2
1275	1
1276
1276
1276
1276
1277
1227
1226
1226
1226
1225
1175
1175
1175
1175
1175
1176
1177
1178
1228
1278
1278
1278
1278
1278
1279
1329
1330
1380
1379
1378
1328
1328
1328
1328
1327
1327
1327
1327
1327
1326
1325
1324
1274
1273
1223
1173
1172
1171
1121
1120
1070
1070
1020
1019
969
919
918
868
869
819
819
818
818
818
817
867
867
867
917
967
966
916
915
915
915
915
865
864
863
913
914
964
1014
1014
1013
1013
1063
1063
1062
1062
1061
1060
1059
1109
1159
1159
1209
1210
1210
1210
1211
1212
1213
1213
1163
1164
1164
1164
1214
1215
1165
1165
1166
1116
1066
1066
1016
1016
1017
1018
968
-2
1275	1
1225
1225
1225
1224
1174
1173
1172
1172
1172
1122
1072
1022
1021
1071
1071
1121
1120
1119
1119
1069
1068
1068
1118
1118
1118
1118
1118
1118
1118
1118
1118
1168
1168
1168
1168
1167
1217
1267
1266
1316
1317
1318
1319
1369
1370
1370
1420
1419
1419
1469
1470
1520
1521
1571
1571
1572
1522
1522
1472
1472
1472
1471
1471
1421
1421
1421
1422
1422
1422
1422
1422
1423
1473
1523
1524
1525
1475
1475
1474
1474
1474
1474
1424
1424
1424
1424
1425
1425
1426
1376
1375
1375
1375
1325
1325
1325
1326
1326
1276
1277
1227
1228
1229
1179
1179
1180
1130
1080
1081
1082
1132
1133
1183
1184
1234
1234
1284
1285
1235
1235
1185
1186
1236
1236
1236
1236
1237
1237
1238
1238
1238
1238
1238
1288
1289
1289
1290
1290
1291
1292
1292
1342
1342
1341
1341
1341
1391
1441
1442
1392
1392
1392
1392
1392
1392
1392
1393
1443
1443
1443
1443
1444
1494
1495
1545
1595
1645
1646
1596
1596
1597
1598
1598
1598
1598
1648
1647
1647
1647
1697
1698
1698
1698
1698
1699
1649
1649
1599
1549
-1
1500
1550
1600
1600
1600
1601
1551
1551
1551
1501
1502
1552
1552
1553
1553
1554
1604
1604
1654
1654
1655
1655
1605
1605
1606
1656
1656
1656
1656
1657
1707
1706
1756
1806
1807
1807
1857
1857
1857
1907
1906
1856
1855
1805
1804
1804
1754
1704
1704
1705
1705
1705
1755
-2
1275	1
1325
1326
1376
1377
1378
1378
1378
1428
1478
1477
1527
1577
1577
1576
1526
1526
1525
1475
1476
1476
1426
1426
1425
1424
1374
1374
1324
1324
1323
1273
1274
1274
1274
1274
1274
1274
1274
1224
1223
1223
1223
1222
1221
1171
1172
1172
1173
1173
1174
1124
1123
1122
1121
1121
1121
1121
1121
1120
1070
1069
1069
1019
969
968
918
919
869
819
769
769
770
720
670
669
668
667
617
617
567
566
566
616
616
666
666
666
716
717
718
719
-2
1275	1
1225
1225
1225
1224
1274
1324
1324
1324
1324
1374
1424
1423
1423
1423
1473
1472
1471
1471
1470
1420
1421
1371
1372
1373
1373
1373
1373
1373
1373
1373
1373
1373
1373
1323
1322
1321
1321
1321
1321
1320
1319
1369
1369
1368
1368
1368
1318
1318
1268
1269
1270
1220
1170
1120
1119
1118
1117
1117
1167
1168
1218
1218
1219
1219
1219
1219
1169
-2
1275	1
1274
1273
1272
1322
1323
1324
1324
1324
1324
1324
1324
1324
1324
1324
1324
1324
1324
1324
1324
1324
1324
1324
1324
1374
1374
1373
1373
1373
1373
1373
1373
1423
1473
1474
1524
1525
1526
1527
1577
1577
1576
1576
1576
1576
1575
1575
1574
1574
1624
1674
1724
1724
1724
1723
1723
1722
1672
1673
1673
1673
1673
1673
1623
1573
1523
1523
1522
1472
1422
1421
1471
1471
1521
1521
1521
1520
1519
1569
1570
1570
1620
1670
1669
1669
1619
1619
1618
1668
1668
1668
1668
1667
1666
1716
1717
1767
1768
1768
1718
1718
1718
1718
1718
1719
1719
1769
1819
1869
1919
1969
1969
1968
2018
2019
2019
2019
2069
2070
2071
2121
2120
2120
2119
2119
2119
2118
2068
2068
2068
2067
2066
2065
2065
2015
2015
1965
1915
1914
1864
1865
1815
1815
1814
1814
1814
1764
1714
1714
1713
1663
1663
1664
1664
1614
1613
1613
1613
1613
1613
1563
1562
1612
1612
1611
1611
1661
1711
1711
1711
1711
1710
1760
1761
1761
1762
1763
1763
1763
1813
1813
1863
1913
1913
1912
1862
1862
1861
1811
1811
1811
1811
1811
1810
1860
1910
1960
2010
2060
2060
2061
2011
2011
2012
1962
1963
1964
1964
2014
2013
2013
2063
2063
2064
2064
2064
2064
2064
2114
2164
2214
2213
2212
2212
2162
2161
2161
2161
2111
2112
2062
-2
1275	1
1274
1224
1225
1225
1225
1226
1276
1276
1276
1326
1325
1325
1325
1325
1375
1425
1424
1424
1474
1524
1525
1525
1575
1575
1625
1626
1576
1576
1576
1577
1577
1578
1578
1628
1629
1630
1631
1632
1632
1682
1732
1733
1783
1833
1833
1832
1882
1932
1982
1981
2031
2032
2032
2032
2032
2032
2082
2081
2081
2081
2131
2181
2180
2179
2229
2228
2227
2277
2276
2226
2225
2224
2223
2222
2172
2172
2122
2123
2173
2174
2174
2174
2175
2125
2075
2074
2073
2073
2023
2023
2022
1972
1972
1973
1973
1973
1973
1923
1873
1872
1922
1922
1922
1922
1921
1920
1870
1870
1870
1871
1871
1871
1871
1871
1871
1871
1871
1871
1821
1822
1822
1822
1772
1722
1722
1723
1724
1774
1773
1773
1773
1773
1773
1773
1823
1824
1874
1874
1924
1924
1924
1974
1974
1975
1976
1977
1927
1927
1927
1926
1926
1876
1826
1825
1875
1875
1925
-2
1275	1
1274
1273
1272
1322
1322
1322
1323
1323
1324
1324
1324
1325
1326
1327
1327
1277
1277
1227
1177
1127
1077
1076
1026
1027
1028
1029
979
979
979
980
981
981
1031
1030
1030
1030
1080
1080
1079
1079
1129
1130
1130
1131
1081
1082
1032
1033
1033
1083
1083
1133
1132
1182
1232
1282
1332
1333
1333
1333
1283
1283
1284
1285
1235
1234
1184
1185
1186
1236
1236
1237
1287
1286
1286
1286
1286
1286
1286
1286
1286
1286
1336
1336
1335
1334
1334
1334
1384
1383
1383
1383
1383
1383
1383
1382
1432
1482
1532
1533
1533
1483
1484
1484
1534
1534
1534
1534
1535
1585
1584
1634
1633
1632
1632
1632
1582
1583
-2
1275	1
1225
1225
1225
1175
1174
1174
1174
1224
1223
1173
1173
1172
1222
1222
1222
1221
1271
1271
1272
1322
1322
1323
1324
1325
1325
1375
1374
1373
1373
1373
1373
1373
1423
1423
1422
1421
1371
1371
1321
1321
1321
1321
1320
1320
1370
1420
1470
1469
1469
1519
1518
1517
1567
1566
1616
1617
1617
1617
1667
1666
1666
1666
1666
1666
1666
1716
1766
1816
1815
1765
1765
1765
1765
1715
1715
1715
1715
1714
1664
1614
1564
1564
1564
1514
1513
1563
1563
1563
1563
1563
1562
1512
1462
1462
1462
1462
1461
1511
1510
1510
1460
1410
1411
1412
1412
1412
1412
1413
1363
1313
1263
1263
1213
1163
1164
1214
1215
1215
1265
1265
1315
1314
1314
1314
1264
-2
1275	1
1325
1326
1276
1226
1226
1227
1228
1228
1278
1277
1277
1277
1277
1277
1277
1277
1277
1277
1277
1327
1327
1377
1378
1328
1328
1328
1328
1329
1379
1379
1429
1428
1427
1427
1427
1426
1376
1376
1376
1376
1376
1376
1376
1376
1376
1375
1374
1424
1424
1425
1425
1475
1476
1526
1526
1525
1524
1574
1624
1623
1573
1572
1522
1523
1523
1473
1473
1473
1472
1472
1422
1421
1471
1471
1521
1521
1571
1570
1570
1570
1569
1619
1620
1670
1669
1669
1669
1669
1669
1669
1669
1719
1769
1769
1819
1818
1868
1867
1866
1865
1915
1965
1966
2016
2017
2018
2019
2020
2070
2070
2070
2070
2070
2070
2071
2072
2122
2121
2121
2121
2121
2120
2120
2170
2171
2221
2220
2270
2269
2269
2268
2267
2267
2317
2317
2318
2319
2319
2319
2369
2370
2370
2320
2320
2321
2321
2321
2371
2372
2422
2423
2373
2373
2374
2375
2375
2376
2426
2425
2475
-1
25
26
-1
2476
2476
2477
2477
2478
2479
2480
2430
2431
2381
2381
2331
2330
2380
2380
2380
2380
2380
2380
2380
2380
2379
2429
2428
2378
2378
2328
2328
2327
2327
2377
2377
2377
2427
-2
1275	1
1225
1175
1175
1175
1175
1175
1125
1124
1074
1024
1025
1026
976
975
975
925
925
875
876
926
926
926
926
926
926
926
926
927
927
927
927
928
978
978
1028
1027
1027
1027
1027
1027
977
-2
1275	1
1225
1226
1226
1176
1177
1178
1228
1278
1278
1277
1277
1277
1276
1326
1327
1327
1377
1378
1328
1328
1328
1328
1328
1328
1328
1328
1328
1328
1328
1328
1328
1328
1328
1328
1328
1328
1328
1328
1328
1328
1329
1329
1330
1330
1330
1280
1280
1279
1229
1179
1129
1130
1130
1131
1131
1132
1133
1134
1184
1185
1135
1135
1085
1085
1035
1036
1036
1037
1037
1038
1088
1138
1188
1189
1139
1089
1039
989
989
988
988
938
938
888
838
788
738
737
687
688
688
688
688
688
688
638
639
589
539
539
538
488
487
437
387
388
438
438
438
438
438
438
439
440
490
489
-2
1275	1
1276
1326
1327
1327
1377
1376
1426
1476
1475
1425
1424
1423
1423
1473
1472
1471
1470
1420
1370
1370
1320
1319
1269
1268
1268
1268
1267
1217
1218
1168
1118
1068
1069
1019
1020
1021
1022
1072
1122
1172
1172
1171
1121
1071
1070
1070
1070
1070
1070
1070
1120
1170
1170
1170
1170
1170
1169
1169
1219
1219
1219
1220
1221
1221
1221
1222
1222
1222
1223
1223
1173
1123
1124
1124
1174
1224
1274
1274
1324
1324
1323
1373
1374
1374
1375
1375
1325
-2
1275	1
1274
1274
1224
1223
1223
1273
1273
1272
1271
1270
1269
1268
1218
1219
1220
1220
1221
1171
1121
1121
1122
1123
1124
1124
1174
1173
1173
1173
1172
1172
1172
1172
1172
1172
1222
-2
1275	1
1276
1226
1226
1225
1175
1174
1174
1173
1173
1223
1224
1224
1224
1224
1224
1274
1273
1272
1272
1271
1221
1222
1222
1222
1222
1222
1172
1171
1121
1121
1121
1071
1072
1122
1123
1123
1073
1074
1075
1025
1026
976
975
975
974
974
974
924
923
923
923
973
973
973
1023
1022
1022
1022
972
972
972
922
921
971
971
1021
1021
1020
1070
1069
1119
1120
1120
1120
1120
1120
1120
1120
1170
1170
1169
1219
1219
1218
1218
1218
1168
1168
1118
1117
1117
1117
1167
1217
1217
1217
1216
1215
1214
1213
1213
1212
1211
1161
1162
1162
1162
1162
1163
1163
1164
1164
1164
1114
1064
1065
1065
1115
1116
1166
1165
-2
1275	1
1225
1226
1276
1277
1227
1227
1228
1228
1178
1177
1177
1177
1127
1077
1076
1026
1025
1075
1075
1075
1075
1125
1125
1125
1124
1124
1174
1173
1173
1172
1222
1222
1221
1220
1170
1171
1121
1120
1119
1169
1169
1169
1219
1218
1217
1167
1167
1117
1118
1168
-2
1275	1
1225
1225
1226
1227
1228
1278
1328
1328
1328
1378
1428
1427
1426
1425
1425
1424
1423
1423
1423
1423
1423
1473
1523
1522
1572
1571
1571
1570
1620
1621
1622
1623
1673
1673
1673
1674
1675
1676
1626
1625
1625
1625
1625
1575
1575
1576
1577
1577
1527
1477
1476
1475
1475
1474
1474
1474
1474
1474
1524
1525
1525
1526
-2
1275	1
1325
1324
1324
1323
1273
1223
1223
1173
1123
1124
1174
1174
1175
1125
1125
1125
1126
1176
1176
1176
1226
1226
1227
1228
1228
1278
1279
1229
1229
1229
1230
1230
1231
1232
1233
1183
1182
1182
1182
1182
1182
1181
1180
1180
1180
1179
1179
1179
1129
1130
1130
1080
1030
1030
1029
1079
1078
1128
1128
1128
1128
1128
1178
1178
1178
1178
1178
1178
1178
1177
1177
1177
1127
1127
1127
1127
1127
1127
1127
1127
1127
1127
1127
1127
1127
1077
1076
1075
1075
1075
1075
1074
1074
1074
1074
1073
1073
1073
1072
1122
1121
1171
1170
1220
1220
1270
1271
1221
1221
1221
1221
1222
1222
1272
1322
1372
1372
1372
1371
1370
1370
1320
1321
-2
1275	1
1274
1274
1273
1223
1222
1221
1271
1272
1272
1272
1322
1321
1321
1371
1421
1471
1521
1520
1470
1470
1470
1470
1470
1470
1469
1419
1419
1419
1419
1418
1468
1468
1518
1518
1568
1568
1569
1619
1618
1618
1618
1618
1668
1667
1617
1617
1616
1616
1566
1566
1516
1515
1515
1465
1415
1415
1415
1416
1416
1416
1466
1466
1467
1467
1517
1517
1567
-2
1275	1
1274
1224
1174
1124
1074
1024
1025
1025
1026
1027
1077
1076
1076
1076
1126
1176
1176
1177
1127
1128
1078
1079
1079
1029
1029
1029
1029
1029
1028
1028
1028
978
928
929
929
979
979
979
979
979
979
979
980
1030
1030
1031
1081
1080
1080
1080
1130
1130
1130
1129
1179
1180
1180
1230
1231
1232
1232
1282
1282
1283
1284
1285
1286
1286
1336
1335
1335
1334
1384
1384
1383
1333
1333
1333
1333
1333
1332
1332
1382
1432
1431
1430
1430
1430
1380
1330
1280
1281
1281
1281
1281
1281
1331
1331
1381
-2
1275	1
1274
1274
1324
1374
1424
1474
1475
1425
1425
1375
1325
1326
1276
1276
1276
1276
1276
1276
1276
1276
1277
1277
1327
1328
1329
1379
1378
1378
1378
1428
1427
1427
1427
1377
1377
1377
1377
1377
1377
1377
1377
1377
1377
1377
1377
1377
1376
1376
1376
1376
1376
1426
1426
1476
1526
1527
1527
1477
1477
1478
1478
1528
1529
1479
1429
1430
1380
1380
1330
1330
1330
1330
1330
1330
1330
1331
1331
1332
1282
1232
1232
1182
1183
1233
1233
1283
1284
1334
1334
1334
1335
1335
1285
1286
1287
1287
1237
1236
1186
1186
1136
1137
1137
1187
1187
1187
1187
1187
1187
1187
1187
1187
1187
1187
1188
1189
1189
1190
1240
1241
1241
1291
1341
1391
1392
1442
1441
1440
1439
1489
1488
1538
1588
1589
1639
1638
1638
1688
1738
1788
1789
1789
1790
1840
1840
1840
1890
1940
1939
1989
1990
1991
2041
2091
2092
2142
2192
2242
2241
2191
2190
2190
2140
2139
2089
2090
2040
2040
2040
2040
2040
2040
2040
2040
2040
2040
2040
2040
2040
2040
2039
2039
2039
2039
2039
2039
2039
2038
2038
2038
2088
2138
2138
2138
2138
2137
2087
2086
2085
2035
2035
1985
1935
1934
1884
1885
1885
1885
1885
1885
1885
1885
1886
1887
1937
1987
1986
1986
1986
2036
2037
-2
1275	1
1274
1224
1174
1174
1173
1172
1171
1221
1221
1222
1272
1271
1271
1321
1371
1372
1422
1421
1421
1421
1421
1471
1521
1522
1572
1571
1571
1571
1571
1571
1571
1621
1671
1670
1720
1720
1720
1719
1669
1669
1668
1668
1618
1617
1617
1617
1667
1667
1717
1767
1768
1769
1819
1820
1770
1770
1770
1770
1770
1771
1821
1821
1822
1872
1873
1923
1924
1874
1824
1774
1775
1776
1776
1776
1826
1825
1825
1825
1825
1825
1825
1875
1875
1875
1876
1877
1878
1928
1927
1977
2027
2026
1976
1976
1926
1926
1926
1926
1925
1925
1975
2025
2024
2023
1973
1973
1973
1974
-2
1275	1
1225
1226
1227
1177
1127
1077
1077
1076
1126
1176
1176
1176
1176
1175
1125
1124
1174
1174
1174
1173
1173
1123
1123
1123
1122
1121
1071
1021
1020
1070
1120
1170
1171
1221
1222
1172
-2
1275	1
1225
1225
1224
1174
1173
1223
1223
1222
1172
1172
1122
1072
1072
1073
1023
973
972
971
971
971
971
970
970
1020
1019
1019
1069
1119
1169
1168
1168
1168
1167
1166
1116
1066
1065
1115
1165
1215
1265
1265
1265
1315
1314
1364
1365
1366
1316
1266
1267
1267
1268
1218
1217
1217
1217
1217
1217
1217
1217
1217
1217
1217
1216
-2
1275	1
1225
1226
1176
1175
1175
1174
1224
1224
1223
1273
1272
1222
1222
1222
1172
1172
1171
1121
1071
1072
1022
1023
973
973
923
922
922
872
873
874
924
924
924
924
924
924
925
926
976
1026
1027
977
927
877
878
878
879
929
930
880
880
880
880
881
881
931
931
931
931
981
1031
1031
1031
1032
1082
1081
1080
1130
1180
1180
1230
1280
1330
1331
1332
1333
1333
1283
1283
1283
1282
1282
1232
1233
1233
1233
1234
1234
1234
1234
1184
1134
1134
1134
1133
1132
1132
1132
1131
1131
1181
1181
1181
1181
1181
1181
1181
1182
1182
1182
1182
1182
1182
1182
1182
1183
-2
1275	1
1274
1224
1224
1223
1273
1323
1324
1324
1324
1325
1326
1376
1426
1425
1475
1476
1477
1427
1427
1428
1429
1430
1380
1379
1379
1379
1378
1377
1327
1327
1277
1277
1278
1279
1279
1329
1329
1328
-2
1275	1
1276
1277
1327
1328
1329
1379
1380
1381
1381
1431
1430
1430
1430
1429
1429
1429
1429
1428
1478
1479
1479
1479
1480
1481
1481
1531
1531
1532
1533
1533
1533
1534
1534
1484
1434
1434
1384
1383
1383
1433
1433
1432
1382
1332
1282
1281
1231
1181
1182
1132
1131
1130
1180
1179
1229
1230
1230
1230
1230
1230
1280
1330
1330
1330
1330
1331
-2
1275	1
1274
1324
1325
1325
1375
1376
1377
1377
1327
1328
1329
1279
1229
1179
1178
1128
1127
1077
1078
1078
1078
1078
1078
1078
1078
1028
978
979
1029
1030
1031
1031
1081
1082
1083
1133
1133
1133
1133
1183
1182
1181
1131
1131
1131
1132
-2
1275	1
1276
1276
1276
1277
1278
1328
1378
1377
1327
1327
1326
1376
1376
1376
1376
1426
1427
1428
1428
1428
1478
1478
1479
1529
1530
1530
1530
1480
1480
1480
1430
1430
1429
1429
1429
1429
1429
1429
1379
1380
1380
1380
1380
1381
1331
1332
1382
1382
1382
1382
1383
1384
1434
1434
1435
1485
1486
1486
1487
1487
1487
1487
1487
1488
1438
1437
1437
1437
1387
1388
1338
1338
1339
1289
1290
1240
1190
1190
1190
1190
1140
1141
1191
1192
1142
1143
1144
1094
1093
1043
1044
994
994
993
943
893
843
793
743
742
741
740
739
738
788
787
787
737
736
736
686
687
688
689
690
640
590
540
540
541
541
591
591
591
591
641
641
691
691
692
692
692
692
642
592
592
593
593
594
594
594
544
543
542
542
542
542
542
542
542
542
542
542
492
493
443
444
494
494
494
494
495
445
445
395
395
345
295
245
195
196
246
296
346
346
346
346
346
346
396
396
396
396
396
397
397
447
447
447
447
497
497
497
498
548
598
648
649
599
549
549
549
499
499
449
449
399
399
349
349
348
398
398
398
398
398
448
-2
1275	1
1225
1225
1226
1227
1277
1277
1327
1377
1427
1428
1428
1478
1477
1476
1476
1475
1525
1525
1524
1523
1522
1522
1572
1573
1573
1574
1574
1574
1574
1624
1625
1675
1725
1726
1776
1826
1825
1824
1823
1773
1773
1723
1673
1672
1722
1721
1721
1720
1720
1770
1770
1769
1769
1769
1768
1718
1668
1618
1618
1618
1619
1620
1620
1621
1571
1521
1521
1521
1521
1471
1421
1421
1421
1421
1371
1371
1321
1320
1319
1269
1219
1219
1219
1218
1268
1267
1267
1267
1317
1367
1417
1418
1468
1467
1467
1467
1517
1567
1568
1569
1519
1518
-2
1275	1
1225
1224
1274
1324
1324
1323
1273
1223
1222
1272
1272
1272
1322
1372
1371
1371
1421
1422
1422
1422
1422
1422
1422
1423
1423
1424
1374
1374
1375
1325
1326
1326
1376
1426
1425
1425
1425
1425
1425
1425
1475
1474
1473
1523
1522
1472
1472
1472
1471
1471
1521
1571
1621
1621
1622
1572
1572
1572
1572
1572
1572
1572
1572
1572
1572
1572
1572
1572
1573
1573
1623
1624
1625
1625
1675
1674
1724
1774
1775
1775
1776
1826
1826
1876
1877
1827
1777
1777
1777
1778
1728
1727
1727
1726
1676
1676
1676
1626
1576
1575
1575
1525
1524
1524
1574
-2
1275	1
1325
1375
1375
1425
1424
1474
1475
1476
1477
1478
1479
1429
1430
1480
1481
1531
1531
1532
1582
1581
1631
1630
1629
1579
1580
1580
1580
1580
1580
1530
1530
1529
1529
1529
1529
1528
1527
1527
1577
1576
1575
1575
1575
1574
1574
1574
1573
1523
1524
1524
1524
1525
1526
-2
1275	1
1276
1277
1277
1227
1227
1177
1176
1176
1176
1226
1225
1225
1175
1175
1174
1224
1274
1274
1274
1274
1273
1223
1222
1172
1172
1173
1173
1173
1173
1173
1173
1173
1173
1173
1123
1122
1122
1122
1122
1122
1122
1121
1171
1171
1170
1169
1219
1218
1268
1268
1267
1266
1316
1316
1366
1416
1416
1415
1465
1466
1466
1516
1566
1567
1517
1467
1467
1417
1418
1468
1468
1469
1419
1420
1421
1422
1422
1423
1423
1423
1373
1374
1375
1325
1325
1326
1327
1327
1377
1378
1428
1429
1479
1529
1529
1530
1531
1481
1480
1430
1431
1431
1381
1331
1332
1282
1232
1232
1231
1231
1181
1182
1183
1183
1133
1132
1131
1130
1080
1030
1030
1031
1031
1031
1081
1081
1081
1082
1083
1033
983
933
883
882
881
831
832
833
834
884
885
835
835
785
785
786
836
836
886
886
936
935
935
934
934
934
934
934
934
934
984
1034
1084
1085
1085
1085
1035
1035
1035
1035
1035
1035
1035
985
986
1036
1036
1037
987
987
937
887
888
938
988
988
988
988
1038
1088
1138
1188
1187
1237
1287
1287
1287
1287
1288
1289
1339
1389
1439
1489
1490
1491
1541
1591
1592
1542
1492
1492
1492
1492
1492
1492
1442
1442
1443
1393
1392
1392
1392
1392
1392
1392
1391
1391
1390
1390
1340
1290
1240
1241
1191
1190
1190
1140
1139
1089
1089
1090
1091
1091
1141
1141
1141
1142
1142
1092
1042
1043
1043
1043
993
943
942
992
991
991
990
1040
1039
1039
1039
1039
1039
989
939
889
889
890
840
841
841
842
842
892
893
894
844
843
793
793
794
794
744
743
742
742
792
792
792
792
792
792
792
792
791
791
791
741
741
691
641
640
590
591
541
540
490
490
491
491
491
441
391
392
442
492
493
543
593
593
594
644
644
643
642
642
642
642
592
542
-2
1275	1
1276
1326
1327
1377
1378
1378
1378
1328
1278
1279
1329
1379
1380
1381
1382
1382
1432
1433
1434
1484
1484
1484
1534
1534
1533
1483
1482
1482
1481
1481
1481
1480
1530
1531
1531
1532
1582
1583
1583
1583
1583
1583
1584
1584
1584
1585
1586
1586
1536
1537
1537
1537
1487
1437
1438
1439
1439
1489
1490
1440
1441
1391
1391
1392
1392
1392
1342
1292
1292
1292
1291
1291
1241
1241
1240
1290
1290
1289
1239
1189
1188
1188
1188
1188
1138
1088
1089
1090
1091
1041
991
941
940
890
840
790
790
789
788
787
786
736
736
736
737
687
686
686
686
686
685
684
684
683
733
732
782
783
783
784
734
734
734
735
735
785
785
785
785
785
835
836
836
836
886
936
937
937
987
988
1038
1037
1087
1087
1087
1086
1085
1135
1134
1134
1134
1134
1134
1084
1034
984
934
934
884
884
885
885
935
935
935
985
985
1035
1035
1035
1035
1035
1036
1036
1036
1036
1036
1036
1036
1036
986
-2
1275	1
1276
1276
1277
1227
1226
1226
1226
1226
1226
1226
1226
1226
1226
1176
1177
1177
1178
1128
1129
1179
1179
1179
1229
1228
1278
1278
1328
1378
1428
1427
1477
1478
1479
1480
1430
1429
1429
1429
1429
1429
1429
1379
1379
1329
1329
1329
1329
1329
1330
1331
1381
1380
-2
1275	1
1225
1225
1175
1125
1125
1125
1125
1124
1074
1075
1025
1025
975
976
976
926
925
924
923
873
873
874
875
876
826
826
827
877
878
879
829
779
779
779
778
777
776
775
725
726
726
726
726
727
727
677
676
626
627
577
577
578
578
628
629
630
630
580
580
580
530
480
430
380
381
382
432
482
481
431
-2
1275	1
1325
1324
1274
1274
1273
1272
1322
1321
1320
1370
1420
1470
1471
1472
1473
1423
1422
1422
1372
1372
1371
1371
1371
1371
1371
1371
1371
1421
-2
1275	1
1325
1375
1375
1374
1424
1425
1425
1475
1474
1473
1523
1523
1523
1523
1523
1522
1522
1572
1572
1572
1572
1573
1574
1524
1524
1524
1524
1525
1525
1575
1575
1575
1575
1625
1625
1624
1624
1674
1673
1672
1671
1670
1720
1770
1820
1820
1819
1819
1819
1869
1869
1868
1918
1917
1917
1867
1817
1767
1717
1718
1719
1769
1768
1818
-2
1275	1
1276
1277
1278
1278
1278
1228
1229
1179
1178
1178
1128
1128
1127
1127
1077
1078
1079
1079
1129
1129
1130
1080
1030
1031
1032
1032
1082
1081
1131
1181
1231
1281
1331
1332
1332
1332
1282
1282
1282
1283
1283
1233
1233
1234
1184
1185
1135
1134
1134
1134
1134
1134
1133
1083
1083
1083
1083
1083
1033
1033
1033
1034
1084
1084
1085
1035
1036
1036
1037
1038
1038
1088
1088
1088
1089
1139
1138
1138
1138
1138
1137
1087
1087
1087
1086
1086
1136
1136
1186
1187
1187
1187
1187
1187
1237
1236
1235
1235
1235
1285
1286
1336
1386
1385
1335
1335
1335
1335
1335
1335
1335
1334
1334
1333
1383
1433
1432
1431
1381
1381
1381
1381
1381
1382
-2
1275	1
1276
1226
1227
1228
1228
1229
1229
1179
1129
1128
1078
1079
1080
1080
1130
1130
1131
1081
1082
1132
1133
1083
1083
1083
1083
1084
1085
1086
1036
986
987
937
936
886
836
837
787
788
738
738
738
738
739
740
740
741
741
741
691
690
689
688
688
687
637
636
635
585
585
585
584
584
584
534
484
483
433
433
433
433
432
431
430
480
530
531
581
581
631
631
681
681
731
781
782
732
682
682
682
632
632
582
532
532
532
532
532
533
533
533
583
583
583
583
583
633
683
684
634
-2
1275	1
1274
1274
1324
1323
1373
1372
1322
1321
1371
1371
1371
1370
1320
1270
1270
1220
1220
1221
1221
1171
1121
1071
1070
1020
1020
1019
1019
1069
1068
1118
1119
1120
1170
1170
1170
1169
1219
1219
1219
1218
1168
1167
1117
1117
1117
1067
1067
1067
1017
1017
1018
1018
1018
1018
1018
1018
1018
968
968
967
967
967
967
967
967
966
916
915
914
913
863
864
814
814
815
765
766
716
717
717
718
668
667
617
618
618
568
518
519
520
521
471
472
522
523
573
572
571
570
570
570
570
569
619
669
669
670
671
672
622
621
621
621
621
621
621
621
620
-2
1275	1
1276
1226
1226
1227
1228
1278
1328
1327
1277
-2
1275	1
1225
1175
1125
1126
1076
1077
1127
1177
1176
1176
1176
1176
1176
1176
1226
1226
1226
1226
1226
1276
1326
1325
1325
1324
1374
1374
1424
1423
1422
1422
1472
1522
1521
1521
1571
1572
1573
1623
1624
1674
1674
1675
1675
1675
1675
1625
1575
1576
1576
1576
1626
1626
1627
1628
1629
1679
1678
1678
1678
1678
1678
1678
1678
1728
1728
1729
1730
1730
1780
1781
1731
1681
1682
1683
1733
1783
1782
1782
1832
1832
1882
1932
1982
2032
2033
2034
2084
2083
2083
2083
2133
2132
2131
2131
2130
2130
2130
2129
2128
2128
2127
2177
2177
2227
2277
2277
2276
2275
2274
2273
2323
2323
2323
2322
2272
2222
2222
2223
2224
2225
2225
2226
2226
2226
2226
2226
2176
2126
2125
2175
2175
2175
2175
2175
2175
2174
2174
2174
2124
2124
2074
2075
2076
2076
2076
2026
2027
2027
2027
1977
1976
1926
1876
1877
1877
1827
1828
1878
1878
1928
1927
-2
1275	1
1325
1326
1326
1276
1277
1278
1279
1329
1330
1330
1330
1331
1332
1282
1282
1282
1282
1281
1231
1181
1180
1179
1129
1130
1130
1080
1079
1078
1128
1128
1128
1127
1077
1077
1077
1076
1076
1076
1026
1027
1027
1027
977
977
978
979
1029
1030
1030
980
930
880
880
880
830
830
831
832
782
782
783
733
732
682
683
683
683
633
634
635
585
586
587
637
638
588
589
639
639
639
640
690
691
741
740
739
738
737
736
736
735
734
684
684
685
685
686
686
686
636
-2
1275	1
1225
1225
1224
1174
1175
1175
1175
1175
1176
1226
1226
1227
1277
1327
1377
1427
1477
1477
1527
1527
1577
1627
1677
1678
1678
1728
1727
1726
1725
1724
1774
1775
1775
1775
1775
1775
1775
1776
1777
1777
1778
1828
1827
1877
1876
1875
1874
1873
1923
1922
1922
1921
1920
1970
2020
2021
2021
2021
2071
2071
2072
2122
2122
2121
2121
2121
2121
2171
2172
2172
2172
2173
2174
2175
2176
2226
2225
2224
2223
2222
2222
2221
2221
2271
2270
2270
2320
2320
2370
2420
2419
2469
2468
2468
2467
2467
2467
2466
-1
16
16
17
17
17
18
18
18
19
20
21
21
21
-1
2471
2421
2421
2371
2371
2371
2321
2322
2372
2373
2423
2422
2472
2473
2474
-1
24
25
75
125
125
126
76
76
26
26
-1
2476
2426
2426
2425
2425
2424
2424
2374
2324
2274
2274
2274
2273
2273
2273
2323
-2
1275	1
1274
1273
1273
1223
1173
1174
1175
1176
1226
1225
1225
1225
1225
1224
-2
1275	1
1276
1226
1226
1176
1177
1178
1228
1278
1278
1328
1327
1327
1326
1376
1426
1427
1428
1378
1379
1429
1429
1429
1429
1429
1430
1430
1480
1530
1531
1581
1582
1532
1482
1483
1483
1433
1383
1333
1283
1282
1232
1233
1233
1234
1284
1284
1285
1335
1385
1386
1386
1386
1436
1436
1437
1487
1537
1538
1588
1589
1590
1640
1640
1640
1641
1642
1692
1692
1691
1691
1691
1741
1741
1791
1841
1842
1792
1793
1794
1744
1745
1745
1746
1747
1797
1797
1798
1848
1848
1898
1899
1899
1949
1948
1998
2048
2047
2046
1996
1997
1997
1947
1947
1897
1897
1897
1847
1846
1896
1896
1946
1946
1946
1946
1946
1946
1946
1945
1945
1995
1995
1995
1995
1995
1994
1944
1894
1844
1845
1845
1845
1845
1845
1845
1795
1796
-2
1275	1
1276
1277
1327
1327
1327
1377
1377
1377
1377
1376
1376
1375
1325
1325
1324
1374
1374
1374
1374
1374
1424
1425
1425
1426
1426
1426
1427
1427
1477
1477
1478
1479
1479
1529
1529
1579
1578
1628
1628
1629
1629
1629
1629
1679
1729
1729
1779
1780
1780
1781
1731
1730
1730
1730
1730
1680
1681
1681
1681
1682
1683
1733
1733
1732
1782
1832
1831
1831
1830
1830
1829
1829
1829
1829
1829
1829
1828
1878
1878
1878
1879
1879
1929
1930
1880
1880
1880
1880
1880
1880
1880
1880
1880
1880
1880
1880
1880
1880
1880
1880
1880
1880
1880
1880
1880
1880
1880
1881
1881
1881
1881
1881
1882
1882
1932
1932
1933
1883
1883
1833
1834
1784
1785
1785
1735
1685
1685
1686
1636
1635
1634
1634
1684
1684
1684
1684
1684
1684
1684
1684
1734
-2
1275	1
1325
1325
1325
1325
1326
1326
1276
1276
1277
1327
1327
1327
1328
1329
1329
1379
1380
1330
1330
1330
1331
1331
1381
1382
1332
1333
1334
1384
1383
1433
1483
1483
1484
1485
1535
1535
1534
1534
1534
1584
1585
1635
1635
1636
1686
1687
1688
1689
1689
1739
1789
1839
1839
1838
1888
1887
1886
1886
1885
1835
1835
1834
1884
1884
1883
1882
1881
1881
1931
1930
1930
1980
1979
1978
1978
1928
1927
1927
1877
1827
1827
1828
1829
1779
1779
1780
1781
1781
1731
1731
1731
1732
1682
1682
1632
1632
1582
1582
1583
1533
1532
1482
1482
1482
1482
1432
1431
1431
1430
1430
1480
1480
1480
1530
1580
1581
1631
1681
1680
1630
1629
1628
1627
1677
1677
1727
1777
1777
1777
1778
1778
1778
1728
1678
1678
1678
1678
1678
1678
1679
1679
1679
1679
1729
1729
1729
1730
-2
1275	1
1325
1326
1326
1327
1327
1327
1328
1328
1329
1330
1331
1332
1382
1381
1380
1380
1380
1380
1430
1431
1431
1481
1480
1530
1529
1579
1579
1578
1577
1577
1576
1526
1476
1426
1425
1475
1475
1474
1473
1473
1523
1573
1573
1572
1571
1571
1621
1620
1570
1569
1619
1618
1617
1567
1566
1516
1466
1466
1466
1466
1467
1467
1417
1416
1416
1416
1366
1367
1367
1367
1317
1267
1267
1266
1316
1316
1315
1365
1415
1465
1464
1514
1513
1513
1463
1463
1413
1412
1462
1462
1461
1461
1511
1561
1560
1610
1660
1661
1711
1711
1761
1762
1812
1862
1912
1962
1963
1913
1913
1913
1863
1864
1914
1964
1964
1965
2015
2065
2115
2165
2166
2166
2167
2168
2118
2117
2117
2067
2066
2066
2116
-2
1275	1
1225
1175
1176
1177
1227
1277
1278
1328
1329
1379
1379
1378
1378
1428
1429
1429
1430
1431
1481
1482
1482
1432
1432
1382
1332
1332
1282
1283
1233
1234
1234
1234
1234
1234
1284
1284
1284
1285
1235
1235
1235
1235
1236
1186
1185
1135
1136
1136
1086
1086
1086
1086
1036
1035
985
984
983
1033
1083
1133
1134
1084
1084
1084
1085
-2
1275	1
1325
1326
1276
1277
1277
1278
1279
1329
1329
1330
1380
1379
1378
1378
1378
1378
1428
1428
1428
1429
1429
1479
1480
1481
1482
1532
1531
1581
1580
1580
1630
1629
1579
1529
1528
1578
1578
1628
1678
1728
1729
1729
1679
1679
1679
1679
1679
1679
1679
1679
1679
1679
1680
1730
1730
1731
1731
1781
1831
1832
1833
1883
1933
1933
1934
1934
1935
1935
1885
1885
1835
1834
1834
1884
-2
1275	1
1274
1324
1374
1373
1423
1424
1474
1474
1474
1524
1574
1575
1625
1624
1623
1573
1573
1572
1571
1570
1570
1570
1520
1521
1521
1521
1521
1471
1421
1420
1420
1470
1470
1470
1469
1419
1369
1319
1318
1317
1267
1217
1217
1218
1219
1169
1168
1168
1168
1168
1167
1167
1117
1117
1067
1067
1067
1067
1017
1018
1018
1018
1019
1069
1068
1068
1068
1068
1118
1118
1118
1119
1119
1119
1119
1119
1119
1119
1119
1119
1119
1120
1121
1122
1123
1073
1074
1124
1124
1124
1125
1175
1176
1177
1227
1277
1276
1276
1326
1326
1327
1327
1327
1327
1328
1378
1379
1380
1380
1380
1381
1381
1431
1432
1432
1433
1383
1383
1384
1434
1434
1435
1435
1435
1436
1386
1336
1335
1334
1284
1285
1285
1286
1286
1236
1237
1237
1237
1187
1137
1087
1037
1037
987
937
887
837
837
787
737
736
786
785
735
685
684
734
733
683
633
634
634
584
585
535
535
485
485
484
483
483
533
583
583
583
583
582
632
632
682
682
682
681
731
731
781
781
781
780
830
880
930
930
931
981
980
1030
1031
1031
1031
1081
1131
1131
1181
1231
1230
1180
1130
1080
1079
1079
1078
1128
1178
1178
1178
1228
1278
1278
1278
1278
1278
1279
1280
1280
1281
1281
1281
1281
1282
1332
1333
1333
1333
1333
1333
1333
1283
1283
1233
1233
1183
1184
1184
1185
1185
1235
1235
1234
-2
1275	1
1274
1274
1224
1225
1226
1176
1176
1175
1175
1175
1125
1126
1127
1077
1078
1128
1178
1178
1179
1180
1130
1131
1181
1181
1231
1230
1230
1280
1279
1278
1277
1227
1227
1227
1177
-2
1275	1
1276
1326
1325
1324
1324
1324
1274
1273
1272
1222
1222
1223
1173
1174
1175
1175
1225
1225
1226
1226
1226
1226
1226
1226
1226
1226
1176
1177
1127
1077
1027
1026
976
977
978
928
929
929
979
1029
1030
1080
1130
1130
1180
1230
1231
1231
1231
1232
1182
1181
1181
1181
1181
1131
1131
1132
1082
1082
1081
1081
1081
1081
1081
1081
1081
1081
1031
1032
1033
983
983
983
983
982
982
982
932
931
931
930
880
880
879
879
879
879
879
878
878
877
827
826
825
775
725
724
723
773
823
822
772
771
721
722
672
622
622
621
621
671
671
671
671
670
620
620
620
619
618
668
668
718
717
767
767
817
816
866
865
815
765
765
766
766
766
716
666
666
666
616
616
617
667
-2
1275	1
1325
1324
1323
1323
1373
1374
1375
1425
1424
1424
1474
1473
1423
1423
1422
1421
1471
1472
1522
1523
1523
1573
1574
1624
1625
1625
1626
1627
1627
1577
1527
1477
1477
1477
1427
1427
1428
1378
1377
1376
1376
1376
1376
1376
1426
1426
1426
1426
1476
1476
1526
1526
1526
1526
1526
1525
1524
-2
1275	1
1225
1175
1176
1226
1227
1177
1178
1228
1228
1228
1228
1228
1229
1179
1179
1179
1129
1079
1079
1080
1030
1030
980
979
1029
1029
1028
1027
977
927
928
978
-2
1275	1
1325
1324
1374
1424
1424
1474
1475
1475
1525
1526
1576
1626
1626
1676
1726
1776
1775
1774
1824
1823
1822
1772
1772
1771
1771
1721
1671
1621
1621
1621
1621
1620
1570
1570
1569
1619
1669
1719
1719
1769
1770
1720
1720
1670
-2
1275	1
1276
1226
1226
1226
1225
1225
1175
1176
1176
1176
1176
1126
1125
1124
1074
1075
1075
1025
1026
1027
1077
1076
-2
1275	1
1276
1277
1227
1227
1228
1178
1128
1078
1028
1027
1027
1077
1077
1077
1077
1077
1077
1076
1076
1076
1075
1075
1075
1025
1024
1074
1074
1124
1174
1173
1172
1222
1221
1271
1270
1320
1320
1321
1322
1322
1372
1373
1373
1374
1374
1424
1425
1425
1425
1375
1375
1325
1325
1325
1324
1324
1323
1323
1323
1273
1223
1223
1223
1224
1224
1225
1225
1225
1226
1226
1176
1177
1127
1127
1127
1127
1127
1127
1126
1125
1125
1125
1175
-2
1275	1
1274
1324
1325
1375
1375
1425
1425
1425
1424
1374
1374
1374
1373
1423
1473
1473
1472
1471
1470
1470
1420
1419
1418
1417
1417
1367
1317
1318
1319
1320
1321
1321
1371
1372
1372
1372
1372
1422
1421
-2
1275	1
1274
1273
1272
1322
1321
1320
1319
1318
1317
1267
1266
1316
1316
1316
1316
1316
1316
1366
1416
1417
1417
1367
1367
1368
1418
1418
1418
1418
1418
1418
1468
1469
1470
1420
1420
1419
1419
1369
1369
1369
1369
1370
1370
1370
1371
1372
1373
1323
1323
1323
1323
1323
1323
1323
1323
1323
1323
1323
1323
1323
1323
1323
1323
1323
1323
1323
1323
1323
1323
1323
1324
1324
1374
1424
1424
1474
1524
1524
1524
1574
1574
1624
1625
1675
1676
1726
1727
1728
1778
1779
1729
1679
1679
1679
1679
1680
1681
1682
1682
1732
1733
1783
1783
1833
1832
1831
1881
1880
1880
1880
1830
1829
1829
1828
1828
1828
1828
1828
1828
1828
1828
1827
1777
1777
1777
1777
1776
1775
1774
1724
1723
1722
1722
1722
1672
1672
1671
1621
1571
1571
1570
1569
1519
1518
1518
1517
1516
1515
1515
1565
1615
1614
1564
1564
1564
1564
1563
1562
1561
1561
1611
1612
1612
1613
1613
1613
1663
1664
1664
1665
1715
1765
1815
1816
1816
1817
1867
1867
1917
1967
1968
1968
1968
1918
1918
1868
1818
1768
1769
1819
1819
1820
1821
1871
1872
1822
1823
1873
1873
1873
1874
1875
1825
1825
1825
1825
1826
1826
1826
1826
1826
1826
1826
1826
1876
1876
1877
1878
1928
1929
1979
1980
1930
1931
1932
1882
1882
1883
1883
1883
1883
1883
1883
1884
1834
1835
1836
1836
1786
1736
1735
1685
1684
1684
1684
1634
1633
1633
1632
1582
1532
1531
1530
1529
1528
1578
1579
1629
1630
1580
1580
1580
1580
1581
1581
1581
1581
1581
1581
1581
1581
1581
1631
-2
1275	1
1325
1325
1375
1374
1424
1424
1425
1426
1426
1426
1426
1376
1376
1326
1276
1276
1226
1227
1177
1178
1178
1128
1128
1078
1077
1076
1076
1075
1074
1124
1123
1073
1023
1022
1022
1022
1022
972
922
921
971
1021
1071
1070
1070
1020
970
920
870
869
868
868
868
818
768
767
767
717
667
666
616
617
618
618
668
668
718
718
718
718
718
718
719
669
670
620
620
619
619
569
519
469
419
369
369
369
370
420
420
420
420
470
470
520
520
520
521
521
471
471
471
471
421
422
372
322
272
273
274
224
174
124
123
173
172
122
122
122
122
122
72
72
73
74
74
74
74
74
24
25
25
26
27
77
78
28
-1
2478
2477
2476
2426
2426
2426
2425
2424
2474
2474
2474
2473
2423
2423
2423
2422
2472
-1
22
21
20
19
-1
2469
2419
2420
2370
2371
2372
2372
2372
2322
2322
2272
2273
2223
2223
2224
2174
2173
2172
2172
2222
2221
2271
2271
2321
2320
2320
2320
2319
2318
2268
2218
2219
2269
2269
2269
2269
2269
2270
2270
2270
2270
2270
2220
2170
2170
2120
2119
2069
2070
2070
2020
2020
2020
2019
2018
2017
2016
1966
1967
1917
1916
1915
1865
1815
1816
1866
1867
1867
1867
1868
1918
1968
1969
1919
1920
1921
1971
2021
2021
2022
2072
2122
2122
2121
2121
2071
-2
1275	1
1225
1224
1274
1274
1274
1324
1325
1375
1375
1375
1376
1326
1326
1326
1276
1277
1327
1327
1327
1327
1377
1377
1377
1377
1427
1426
1425
1475
1475
1475
1474
1524
1574
1574
1624
1625
1575
1576
1577
1627
1627
1627
1627
1628
1629
1629
1630
1680
1681
1681
1681
1731
1781
1782
1732
1732
1732
1733
1683
1684
1634
1634
1634
1584
1534
1534
1533
1583
1633
1632
1631
1581
1581
1582
1532
1532
1531
1530
1530
1529
1529
1528
1527
1527
1527
1527
1477
1477
1477
1477
1477
1477
1476
1476
1476
1476
1476
1476
1526
1526
1526
1525
-2
1275	1
1325
1375
1425
1426
1427
1427
1377
1327
1327
1328
1329
1279
1229
1230
1180
1130
1130
1129
1129
1128
1128
1127
1126
1125
1075
1076
1026
1026
1025
975
925
924
924
924
974
974
1024
1024
1023
1073
1074
1074
1074
1074
1124
1124
1174
1173
1173
1223
1224
1224
1224
1274
1324
1324
1374
1374
1424
1423
1422
1372
1373
1373
1373
1373
1373
1373
1373
1323
1273
1273
1273
1273
1272
1322
1322
1321
1320
1320
1270
1269
1219
1219
1218
1168
1169
1119
1069
1069
1069
1069
1019
1020
1020
1021
971
921
920
870
870
870
869
919
919
919
969
970
-2
1275	1
1274
1324
1323
1322
1372
1422
1472
1472
1522
1522
1521
1471
1470
1469
1419
1419
1419
1419
1420
1421
1421
1421
1421
1421
1421
1371
1321
1271
1221
1171
1121
1121
1071
1071
1070
1070
1069
1019
969
968
967
967
1017
1018
1068
1068
1068
1067
1067
1067
1066
1066
1065
1115
1116
1166
1166
1165
1165
1215
1265
1264
1314
1315
1315
1315
1316
1266
1266
1266
1266
1266
1266
1266
1266
1216
1216
1216
1217
1218
1268
1318
1319
1319
1319
1269
1219
1220
1270
1320
1370
1370
1370
1369
1369
1369
1369
1369
1369
1369
1369
1369
1368
1368
1418
1418
1468
1518
1519
1520
1520
1520
1570
1570
1569
1568
1567
1567
1617
1616
1616
1666
1666
1666
1665
1665
1615
1614
1564
1563
1562
1562
1612
1613
1613
1663
1662
1661
1660
1659
1658
1708
1707
1706
1706
1656
1606
1605
1604
1604
1554
1553
1603
1602
1602
1552
1552
1502
1503
1504
1505
1505
1506
1507
1557
1607
1657
-2
1275	1
1274
1274
1273
1273
1272
1222
1222
1223
1224
1225
1225
1225
1225
1175
1125
1124
1074
1074
1075
1075
1075
1075
1025
1026
1076
1126
1126
1127
1077
1078
1079
1129
1129
1128
1178
1179
1180
1230
1230
1230
1280
1281
1231
1231
1181
1181
1131
1131
1081
1031
981
981
982
982
983
1033
1032
1032
1082
1132
1182
1183
1183
1133
1133
1133
1133
1133
1133
1133
1083
1083
1083
1083
1084
1034
1035
985
986
986
1036
1036
1036
1086
1087
1087
1087
1087
1037
1037
1037
987
987
937
936
935
935
885
884
883
883
933
933
934
934
984
-2
1275	1
1274
1224
1225
1225
1225
1226
1227
1228
1228
1278
1279
1229
1229
1230
1231
1232
1282
1283
1333
1383
1433
1433
1433
1483
1482
1532
1531
1530
1529
1529
1479
1480
1480
1480
1480
1480
1480
1480
1480
1430
1429
1429
1428
1427
1477
1527
1526
1576
1626
1626
1676
1726
1776
1776
1775
1725
1675
1625
1625
1625
1624
1574
1575
1575
1575
1575
1575
1575
1575
1575
1575
1575
1525
1524
1523
1473
1423
1373
1323
1273
1272
1222
1223
1173
1173
1173
1172
1172
1172
1171
1221
1220
1220
1220
1270
1271
1321
1320
1370
1370
1371
1371
1371
1371
1372
1322
-2
1275	1
1225
1224
1274
1274
1324
1374
1375
1425
1426
1426
1476
1526
1527
1527
1528
1578
1577
1577
1627
1677
1678
1628
1629
1579
1580
1530
1530
1530
1480
1479
1529
-2
1275	1
1325
1325
1375
1375
1374
1324
1323
1273
1223
1173
1173
1123
1123
1123
1124
1174
1175
1175
1125
1125
1075
1025
1026
1027
977
978
1028
1078
1079
1079
1080
1130
1131
1132
1082
1081
1031
1032
1032
1032
982
981
931
932
932
882
883
883
884
834
833
783
782
832
832
832
832
832
832
832
832
832
832
832
832
832
831
830
780
779
778
828
829
879
880
930
930
930
930
930
929
929
979
979
1029
1029
1029
1029
1029
1029
1029
1029
1029
1030
1030
1030
980
-2
1275	1
1325
1326
1326
1276
1226
1225
1175
1176
1126
1125
1125
1075
1074
1124
1123
1122
1122
1072
1072
1022
1022
1021
1071
1070
1069
1068
1067
1117
1167
1168
1168
1218
1219
1169
1170
1170
1220
1220
1270
1270
1320
1319
1318
1317
1316
1316
1266
1265
1264
1214
1215
1215
1215
1215
1165
1164
1163
1213
1213
1213
1263
1263
1263
1263
1263
1263
1262
1262
1312
1312
1312
1362
1363
1413
1413
1412
1412
1411
1361
1361
1361
1360
1359
1409
1408
1458
1458
1459
1509
1559
1558
1608
1658
1708
1758
1759
1709
1709
1659
1609
1610
1660
1661
1662
1712
1711
1761
1762
1762
1762
1812
1812
1862
1862
1862
1862
1862
1912
1911
1861
1861
1861
1861
1861
1861
1861
1861
1811
1810
1760
1760
1760
1760
1760
1760
1760
1760
1760
1760
1760
1760
1760
1760
1760
1710
-2
1275	1
1225
1175
1176
1226
1226
1276
1276
1277
1327
1377
1427
1427
1477
1478
1479
1480
1480
1480
1480
1430
1429
1428
1428
1428
1428
1428
1428
1428
1428
1428
1378
1378
1328
1278
1228
1229
1230
1280
1281
1282
1282
1332
1332
1332
1333
1283
1233
1232
1232
1232
1232
1232
1231
1231
1231
1181
1180
1180
1180
1180
1180
1180
1130
1131
1131
1131
1132
1182
1182
1182
1182
1183
1184
1134
1133
1083
1083
1084
1085
1135
1185
1186
1236
1235
1235
1235
1285
1335
1335
1334
1334
1334
1384
1385
1386
1386
1436
1436
1436
1435
1434
1434
1484
1534
1533
1483
1483
1433
1383
1383
1383
1383
1383
1383
1383
1382
1381
1431
1431
1432
1432
1432
1432
1432
1432
1432
1482
1482
1481
1481
1481
1481
1481
1481
1481
1481
1531
1531
1581
1582
1532
-2
1275	1
1276
1277
1277
1327
1377
1377
1377
1427
1428
1429
1479
1529
1529
1529
1528
1478
1478
1477
1477
1477
1527
1527
1526
1476
1476
1475
1525
1525
1525
1525
1525
1525
1524
1574
1574
1573
1573
1623
1622
1572
1572
1522
1523
1473
1472
1472
1471
1521
1521
1571
1571
1571
1571
1621
1620
1570
1520
1519
1518
1568
1618
1617
1567
1566
1565
1564
1564
1563
1513
1512
1512
1512
1512
1462
1461
1460
1410
1360
1359
1358
1358
1358
1408
1407
1457
1456
1506
1506
1507
1507
1508
1509
1510
1510
1510
1510
1511
1561
1561
1560
1560
1559
1609
1609
1610
1610
1611
1611
1611
1661
1662
1712
1762
1812
1812
1862
1861
1811
1811
1811
1810
1760
1761
1761
1761
1761
1761
1761
1761
1761
1761
1761
1761
1761
1761
1761
1761
1761
1761
1761
1761
1761
1711
1710
1710
1709
1659
1659
1659
1658
1708
1707
1757
1807
1807
1857
1907
1908
1958
1958
1959
1959
1959
2009
2010
2011
2061
2111
2161
2162
2112
2112
2113
2113
2063
2013
1963
1963
1913
1914
1864
1865
1865
1815
1816
1817
1818
1868
1868
1918
1918
1918
1917
1917
1867
1866
1866
1866
1866
1866
1866
1916
1966
1966
1965
1965
2015
2065
2115
2115
2116
2066
2066
2066
2066
2066
2066
2066
2066
2067
2117
2118
2118
2068
2069
2070
2120
2120
2121
2071
2071
2021
2022
2022
2072
2072
2072
2072
2072
2072
2073
2073
2123
2122
2122
2122
2122
2122
2122
2122
2122
2122
2122
2172
2172
2172
2173
2174
2224
2225
2175
2175
2175
2175
2176
2126
2076
2075
2075
2125
2125
2125
2124
2074
2074
2074
2074
2074
2074
2024
2025
1975
1925
1875
1825
1825
1824
1774
1775
1775
1775
1775
1776
1777
1778
1779
1779
1779
1829
1828
1828
1828
1878
1928
1927
1926
1976
1976
1976
2026
2026
2026
2027
2028
2078
2077
2127
2127
2128
2178
2179
2179
2129
2079
2079
2079
2029
1979
1980
1930
1931
1881
1880
1880
1830
1831
1781
1782
1782
1832
1833
1834
1834
1784
1785
1785
1835
1836
1837
1887
1937
1937
1936
1886
1886
1886
1886
1886
1885
1935
1934
1933
1883
1883
1882
1882
1882
1932
1982
2032
2082
2083
2084
2084
2034
2035
2036
1986
1987
1987
1987
1988
2038
2088
2088
2087
2037
-2
1275	1
1274
1324
1374
1424
1474
1473
1472
1522
1523
1573
1623
1673
1672
1622
1621
1671
1670
1720
1721
1721
1721
1771
1772
1772
1772
1822
1872
1871
1871
1921
1920
1970
1969
1968
1967
1966
1966
1966
1916
1866
1866
1816
1817
1817
1817
1817
1767
1717
1667
1666
1716
1716
1715
1765
1764
1764
1814
1813
1863
1864
1864
1864
1914
1915
1965
1964
1963
1963
1962
2012
2012
2011
2011
1961
1961
1961
1961
1960
1910
1860
1810
1811
1761
1761
1762
1812
1812
1812
1812
1862
1862
1912
1912
1913
-2
1275	1
1276
1276
1326
1376
1377
1327
1327
1327
1327
1328
1378
1379
1429
1428
1427
1427
1477
1476
1426
1426
1426
1426
1426
1425
1475
1525
1526
1576
1576
1626
1626
1625
1575
1575
1575
1574
1573
1573
1523
1524
1524
1524
1474
1474
1474
1474
1474
1473
1472
1422
1372
1322
1322
1321
1321
1320
1319
1319
1269
1270
1270
1270
1270
1220
1221
1222
1272
1271
-2
1275	1
1225
1225
1225
1224
1174
1124
1125
1126
1076
1076
1076
1075
1075
1025
1024
1024
1074
1074
1074
1074
1074
1074
1074
1074
1073
1023
1023
1023
973
972
1022
1021
1020
1019
969
969
969
919
920
870
820
821
822
772
722
721
671
672
673
623
624
625
625
675
675
676
626
626
626
626
576
576
577
627
627
627
677
677
727
728
728
729
730
780
780
779
778
828
827
826
826
876
926
925
924
874
874
874
875
875
825
775
774
773
723
723
723
723
724
724
674
-2
1275	1
1225
1226
1227
1227
1227
1227
1177
1176
1126
1127
1127
1127
1127
1127
1128
1078
1028
1027
1077
1077
1077
1076
1026
976
975
925
875
825
826
826
826
776
776
776
777
727
677
627
627
627
577
577
527
528
578
578
578
578
579
579
580
530
480
479
529
-2
1275	1
1225
1225
1224
1224
1174
1173
1123
1123
1073
1023
1022
1022
1072
1072
1122
1172
1172
1172
1171
1121
1071
1071
1071
1021
1021
1020
1070
1070
1120
1119
1169
1170
1170
1170
1170
1220
1220
1219
1269
1268
1268
1218
1218
1218
1168
1168
1168
1168
1168
1118
1118
1068
1018
968
968
918
919
919
869
869
819
769
770
820
870
870
920
920
921
921
971
972
972
972
973
923
873
874
824
774
773
772
771
771
821
821
821
871
872
922
-2
1275	1
1274
1274
1324
1325
1325
1375
1425
1475
1476
1476
1476
1477
1477
1478
1428
1429
1479
1479
1480
1530
1531
1481
1482
1482
1482
1482
1483
1484
1484
1485
1435
1436
1437
1387
1388
1338
1339
1340
1341
1291
1290
1289
1288
1238
1238
1239
1239
1239
1189
1188
1187
1137
1138
1138
1139
1139
1139
1140
1190
1191
1192
1193
1194
1144
1094
1044
1043
1042
992
992
992
993
993
993
943
942
941
991
991
1041
1040
1040
990
989
989
939
889
888
887
837
836
835
785
785
785
784
784
783
733
732
682
632
631
631
681
731
730
680
680
680
680
679
679
629
630
630
630
630
630
580
580
530
531
481
482
483
484
485
535
535
585
585
584
534
534
534
534
534
533
533
583
633
683
683
683
683
684
685
685
735
734
-2
1275	1
1276
1226
1176
1177
1177
1178
1179
1179
1180
1230
1229
1229
1229
1229
1229
1228
1227
1227
1227
1277
1327
1327
1377
1376
1426
1427
1428
1429
1479
1529
1528
1578
1578
1579
1629
1679
1680
1730
1729
1729
1779
1780
1780
1781
1731
1731
1731
1732
1682
1681
1681
1631
1631
1630
1630
1630
1630
1630
1630
1630
1630
1630
1580
1580
1580
1530
1480
1480
1430
1430
1430
1431
1432
1382
1332
1331
1331
1331
1330
1329
1328
1278
1278
1278
1278
1279
1279
1279
1279
1280
1281
1231
1231
1231
1231
1181
1181
1131
1131
1081
1031
1031
1030
980
930
930
930
880
881
831
832
882
932
933
883
883
884
884
834
784
784
734
734
733
783
833
-2
1275	1
