1250
1251
1250
1251
1250
1300
-1
1349
1299
-1
1250
1200
1201
1251
1250
1200
1250
-1
1299
1349
1399
1398
1399
1449
1399
1449
1499
1449
1448
1449
1399
-1
1350
1351
1352
1353
1303
1353
1354
1355
1405
1404
1403
1404
1405
1404
1454
1504
1554
1604
1554
1604
1603
1653
1703
1653
1603
1653
1603
1602
1552
1502
1503
1453
1452
1453
1452
1502
1503
1502
1552
1553
1503
1453
1454
1453
1454
1455
1405
1455
1505
1555
1605
1555
1605
1655
1705
1706
1705
1706
1756
1806
1805
1855
1805
1755
1756
1806
1807
1757
1756
1757
1707
1708
1707
1706
1705
1704
1703
1704
1654
1604
1605
1555
1554
1604
1605
1604
1605
1604
1603
1604
1603
1553
1603
1604
1603
1604
1605
1655
1605
1604
1654
1704
1754
1753
1703
1702
1703
1704
1754
1753
1703
1753
1803
1804
1854
1855
1854
1904
1903
1904
1905
1855
1854
1855
1805
1806
1807
1757
1758
1757
1758
1759
1758
1808
1807
1857
1856
1855
1905
1855
1856
1806
1807
1808
1758
1808
1809
1859
1909
1959
1960
1961
1911
1910
1911
1910
1960
1961
1962
2012
2062
2012
2062
2012
1962
1961
1962
2012
2013
2014
1964
1914
1864
1814
1764
1763
1713
1663
1662
1612
1562
1561
1511
1510
1460
1410
1360
1361
1360
1359
1360
1310
1360
1361
1360
1310
1309
1359
1309
1359
1360
1359
1360
1359
1409
1359
1309
1259
1309
1359
1409
1359
1358
1359
1409
1459
1458
1408
1409
1359
1409
1359
1358
1408
1358
1308
1258
1259
1209
1208
1258
1257
1258
1259
1209
1210
1209
1208
1207
1206
1205
1155
1205
1206
1205
1255
1305
1255
1256
1257
1256
1257
1207
1157
1207
1257
1307
1257
1307
1257
1307
1357
1407
1408
1409
1359
1360
1359
1409
1408
1409
1359
1360
1410
1409
1408
1458
1457
1507
1557
1556
1555
1605
1655
1705
1755
1754
1753
1754
1753
1754
1755
1754
1755
1756
1806
1756
1757
1707
1708
1758
1757
1756
1806
1805
1806
1756
1706
1705
1655
1656
1606
1656
1657
1658
1708
1758
1808
1807
1808
1758
1757
1758
1759
1758
1759
1809
1859
1809
1759
1760
1761
1811
1810
1860
1810
1860
1810
1809
1808
1807
1857
1907
1906
1956
2006
1956
2006
2056
2057
2107
2108
2107
2157
2107
2108
2109
2110
2160
2110
2060
2110
2060
2010
2009
1959
1958
1908
1907
1857
1858
1808
1758
1808
1809
1810
1860
1859
1860
1859
1858
1908
1958
1959
2009
2010
1960
1961
1911
1861
1811
1861
1811
1861
1862
1912
1913
1963
1913
1963
1913
1863
1813
1812
1762
1712
1762
1763
1813
1814
1813
1812
1862
1861
1860
1910
1909
1959
2009
2059
2060
2010
2060
2010
2011
2012
1962
1912
1962
1961
1962
1912
1913
1863
1864
1814
1864
1865
1864
1914
1915
1865
1815
1816
1866
1916
1966
1916
1966
2016
1966
1967
1968
1969
1968
1969
1919
1969
1919
1920
1919
1918
1917
1916
1966
1965
1966
2016
2015
2065
2064
2114
2115
2165
2215
2265
2315
2365
2315
2314
2313
2312
2311
2310
2360
2361
2360
2361
2362
2363
2313
2312
2311
2312
2262
2261
2260
2259
2209
2159
2109
2159
2160
2110
2160
2210
2211
2210
2209
2208
2209
2159
2160
2210
2260
2261
2262
2261
2211
2212
2262
2312
2362
2312
2362
2363
2364
2363
2362
2361
2411
2461
2460
2461
2411
2361
2362
2361
2411
2461
2462
2463
2464
2465
2466
-1
16
-1
2466
2467
2466
-1
16
-1
2466
2416
2415
2416
2466
2416
2417
2467
2468
-1
18
-1
2468
-1
18
17
18
68
69
19
69
68
18
17
16
15
65
115
114
113
114
164
114
164
165
164
163
113
63
64
14
-1
2464
2465
2415
2465
2466
2467
-1
17
67
68
18
68
67
66
65
66
16
-1
2466
-1
16
17
18
19
20
-1
2470
-1
20
-1
2470
-1
20
19
18
-1
2468
2467
2468
2467
-1
17
-1
2467
2466
-1
16
-1
2466
2416
2466
2416
2415
2414
2415
2365
2315
2316
2315
2314
2364
2414
2464
-1
14
64
65
115
116
117
116
115
114
64
63
13
14
15
65
115
114
115
165
215
265
215
265
266
265
266
316
266
267
266
267
317
316
266
316
315
265
215
165
215
265
266
267
317
318
368
418
417
418
417
416
466
467
466
467
517
516
566
516
515
514
464
463
413
412
411
461
462
463
413
414
464
414
364
414
364
365
364
365
315
265
315
265
264
214
164
114
115
65
64
114
115
116
66
16
66
67
17
18
19
18
19
20
70
20
70
20
19
18
-1
2468
2469
2470
2471
2421
2420
2419
2418
2468
2467
-1
17
16
-1
2466
2467
-1
17
67
17
67
68
67
117
67
17
18
-1
2468
2469
2468
2418
2368
2318
2319
2369
2319
2320
2321
2320
2319
2318
2268
2267
2217
2167
2117
2167
2117
2118
2117
2167
2168
2218
2168
2169
2170
2220
2170
2169
2219
2269
2319
2269
2219
2269
2270
2269
2270
2271
2221
2220
2270
2320
2321
2322
2323
2273
2274
2224
2223
2273
2274
2324
2323
2322
2372
2371
2321
2271
2221
2171
2172
2173
2172
2171
2172
2222
2223
2224
2225
2224
2274
2324
2274
2324
2325
2275
2225
2175
2225
2226
2227
2228
2278
2277
2327
2377
2327
2277
2278
2277
2276
2226
2225
2175
2225
2275
2276
2277
2278
2228
2278
2328
2329
2330
2380
2330
2329
2279
2278
2277
2227
2226
2225
2175
2125
2124
2125
2124
2174
2124
2125
2124
2174
2224
2274
2273
2323
2324
2374
2424
2374
2424
2474
2473
2474
2473
2474
2473
-1
23
73
23
-1
2473
2472
2473
2472
-1
22
21
20
-1
2470
2469
2470
2420
2421
2471
2421
2422
2421
2422
2423
2422
2423
2422
2372
2422
2423
2373
2372
2373
2423
2422
2423
2373
2423
2422
2372
2322
2272
2322
2323
2322
2272
2222
2223
2222
2223
2222
2221
2220
2219
2269
2270
2269
2219
2169
2168
2167
2217
2218
2268
2267
2317
2367
2417
2416
2366
2367
2368
2367
2368
2318
2268
2267
2266
2265
2266
2316
2317
2316
2266
2316
2266
2265
2215
2265
2266
2316
2266
2316
2317
2318
2317
2367
2368
2367
2366
2316
2366
2416
2417
2467
2468
2467
2417
2467
2417
2367
2366
2316
2317
2318
2268
2267
2266
2316
2266
2265
2315
2365
2364
2414
2464
2465
-1
15
65
64
14
-1
2464
2414
2415
2365
2315
2265
2266
2265
2266
2216
2217
2267
2317
2267
2317
2318
2368
2367
2417
2367
2368
2367
2368
2418
2417
2418
2468
2418
2419
2369
2419
2418
2468
-1
18
19
20
-1
2470
2471
-1
21
20
-1
2470
2471
2470
2471
2421
2371
2321
2271
2321
2322
2372
2373
2372
2373
2423
2424
2374
2424
2423
2422
2423
2373
2374
2375
2325
2326
2276
2275
2225
2226
2176
2175
2125
2175
2225
2224
2225
2226
2227
2228
2178
2179
2129
2130
2131
2132
2082
2032
2082
2132
2133
2134
2135
2136
2086
2036
1986
1985
1986
1985
1984
1983
1933
1983
1933
1883
1882
1881
1880
1930
1980
2030
2080
2081
2131
2132
2082
2083
2082
2032
2033
2032
2031
2032
2082
2132
2131
2132
2082
2132
2182
2183
2133
2134
2135
2134
2133
2132
2082
2083
2082
2083
2084
2083
2033
2034
2033
2032
1982
1932
1982
1932
1982
1932
1931
1930
1880
1881
1931
1930
1931
1930
1929
1879
1929
1928
1929
1879
1829
1828
1827
1828
1827
1826
1825
1826
1825
1775
1774
1824
1823
1822
1772
1771
1772
1822
1823
1773
1774
1824
1874
1875
1874
1873
1872
1822
1823
1822
1821
1820
1821
1822
1821
1871
1870
1871
1921
1871
1870
1869
1819
1820
1821
1820
1819
1820
1770
1820
1819
1769
1819
1769
1719
1669
1719
1769
1768
1769
1768
1718
1768
1818
1768
1718
1768
1769
1768
1818
1817
1818
1768
1818
1768
1767
1717
1718
1768
1767
1817
1767
1768
1767
1817
1816
1817
1867
1866
1865
1915
1916
1917
1916
1917
1867
1868
1918
1917
1916
1915
1916
1966
1967
1968
1969
2019
1969
1970
1969
1970
1971
1972
1973
1972
2022
2021
2071
2070
2020
2019
2018
2017
2016
1966
1965
1966
1916
1915
1914
1915
1865
1915
1965
1964
2014
2015
1965
1915
1865
1866
1816
1766
1767
1717
1718
1768
1769
1819
1818
1817
1767
1717
1718
1768
1767
1817
1867
1868
1818
1817
1767
1817
1816
1766
1716
1666
1616
1666
1716
1715
1765
1766
1767
1817
1816
1817
1867
1917
1967
1917
1867
1868
1918
1917
1918
1868
1818
1819
1818
1868
1867
1868
1918
1868
1818
1768
1818
1868
1869
1868
1867
1917
1916
1915
1965
1915
1914
1913
1914
1864
1865
1864
1863
1913
1914
1964
1914
1913
1963
2013
1963
1962
1963
1913
1963
1913
1912
1911
1912
1911
1912
1911
1861
1911
1861
1811
1812
1862
1912
1862
1812
1862
1912
1913
1963
1964
2014
2015
2014
2013
2014
2015
1965
1966
1916
1917
1916
1966
2016
2015
2014
2015
1965
1966
2016
2015
1965
1966
1965
1966
1965
1966
1967
1966
1967
1968
1967
1968
1969
1919
1918
1868
1867
1868
1867
1868
1869
1870
1871
1872
1922
1921
1922
1923
1973
1974
2024
2025
2026
2025
1975
2025
2024
2023
1973
2023
2022
2023
2073
2072
2022
2021
2022
2023
2022
2021
1971
2021
2020
1970
2020
1970
1971
2021
2020
2070
2120
2119
2120
2121
2122
2072
2122
2172
2222
2223
2222
2172
2173
2123
2124
2123
2173
2174
2224
2223
2273
2274
2224
2174
2124
2125
2175
2174
2224
2223
2173
2223
2224
2174
2224
2225
2275
2325
2326
2325
2375
2374
2375
2376
2377
2327
2377
2378
2377
2376
2375
2325
2375
2425
2475
2425
2475
2474
-1
24
74
75
25
75
25
75
125
124
123
122
121
71
70
20
19
69
19
69
68
18
-1
2468
2418
2468
2467
2468
-1
18
17
-1
2467
2466
2416
2366
2365
2364
2363
2313
2363
2313
2314
2264
2265
2264
2265
2215
2165
2115
2165
2166
2216
2266
2265
2215
2216
2217
2167
2217
2167
2168
2118
2117
2116
2166
2167
2117
2067
2066
2065
2015
2016
2015
2065
2066
2016
2066
2016
2015
1965
1915
1914
1915
1916
1866
1865
1815
1814
1864
1865
1915
1965
1964
1963
1962
1912
1911
1961
2011
1961
1960
1961
1911
1861
1911
1861
1911
1910
1960
1910
1911
1912
1913
1863
1813
1812
1862
1861
1862
1861
1860
1910
1909
1859
1858
1859
1909
1910
1911
1910
1860
1910
1909
1959
1960
1959
1960
2010
2011
2012
1962
1912
1913
1912
1911
1910
1911
1910
1911
1861
1862
1912
1862
1912
1913
1963
1964
2014
2015
2016
2015
2014
2015
2016
1966
1967
1966
1916
1917
1967
1917
1867
1817
1816
1866
1916
1917
1967
1917
1867
1817
1816
1817
1816
1766
1716
1666
1616
1566
1516
1515
1565
1615
1614
1615
1616
1666
1716
1715
1765
1815
1816
1817
1818
1868
1869
1870
1871
1872
1822
1772
1722
1723
1722
1772
1771
1772
1773
1774
1773
1772
1822
1772
1771
1721
1720
1770
1720
1670
1669
1670
1620
1619
1569
1519
1518
1468
1418
1417
1367
1417
1418
1417
1467
1517
1467
1466
1467
1466
1465
1464
1414
1364
1365
1415
1465
1464
1463
1464
1465
1466
1416
1366
1416
1415
1465
1415
1416
1417
1418
1417
1418
1368
1369
1419
1420
1419
1369
1370
1320
1321
1320
1319
1269
1319
1318
1319
1318
1268
1218
1217
1167
1166
1167
1117
1067
1117
1167
1117
1118
1168
1218
1219
1169
1170
1171
1121
1171
1170
1169
1119
1118
1068
1118
1168
1169
1168
1169
1168
1218
1168
1118
1068
1118
1068
1067
1017
967
966
965
915
914
913
912
962
1012
1011
961
960
961
1011
1061
1060
1010
1060
1059
1058
1008
1007
1008
1009
1010
1009
1008
1009
1010
1011
961
911
961
962
1012
962
961
911
912
862
912
862
863
864
814
864
863
913
963
913
863
864
914
864
814
815
816
817
818
819
820
770
720
721
671
621
571
572
571
570
520
519
520
470
520
470
420
370
371
372
422
372
322
372
422
421
471
472
471
521
522
572
522
521
522
521
571
521
520
519
569
570
520
521
520
521
471
521
520
519
569
519
520
521
522
523
573
574
575
574
575
525
524
474
524
523
524
574
624
674
624
674
724
723
773
723
722
672
622
572
573
574
573
523
473
523
473
474
524
523
522
572
622
572
522
572
622
572
571
570
520
521
520
470
520
470
469
419
418
419
469
519
520
470
471
470
420
419
469
470
471
470
471
472
522
472
473
472
522
521
522
523
573
623
573
572
573
574
575
625
626
676
675
625
626
676
677
627
577
627
626
625
575
625
675
676
626
676
675
676
675
725
675
625
624
674
724
774
824
874
924
925
924
874
873
923
873
872
822
821
820
870
871
921
971
1021
1071
1072
1071
1070
1020
1021
1020
1070
1020
1021
1020
970
971
970
971
1021
1020
1019
969
919
918
917
918
968
969
968
1018
968
967
966
967
917
967
1017
1018
1019
1020
1019
1069
1068
1118
1068
1118
1168
1169
1219
1218
1217
1216
1266
1267
1268
1218
1219
1269
1268
1318
1368
1418
1368
1318
1368
1418
1419
1469
1519
1469
1519
1518
1468
1418
1368
1418
1368
1318
1368
1318
1368
1367
1417
1467
1466
1467
1417
1467
1468
1518
1517
1567
1566
1616
1617
1616
1615
1565
1515
1514
1564
1514
1515
1465
1515
1514
1515
1516
1566
1567
1566
1616
1615
1565
1564
1514
1513
1563
1564
1563
1613
1612
1562
1561
1560
1559
1560
1510
1511
1510
1560
1561
1562
1563
1513
1563
1562
1512
1513
1463
1413
1412
1413
1414
1415
1414
1364
1363
1362
1312
1313
1312
1313
1312
1313
1312
1313
1263
1313
1314
1364
1414
1415
1416
1466
1465
1466
1416
1466
1467
1517
1467
1517
1567
1566
1616
1615
1665
1664
1614
1564
1563
1613
1563
1513
1563
1564
1514
1464
1514
1513
1463
1513
1563
1513
1512
1462
1412
1413
1363
1362
1412
1462
1412
1411
1361
1311
1261
1211
1261
1260
1259
1258
1208
1258
1308
1258
1308
1309
1308
1358
1408
1458
1457
1507
1508
1458
1459
1458
1408
1407
1408
1409
1408
1358
1408
1458
1457
1458
1459
1409
1408
1458
1508
1509
1508
1558
1508
1507
1557
1558
1508
1558
1608
1609
1608
1609
1559
1609
1608
1607
1557
1556
1606
1607
1608
1607
1657
1656
1706
1707
1708
1707
1708
1709
1708
1707
1757
1807
1808
1858
1908
1907
1957
2007
2006
1956
2006
2056
2006
2005
2004
2054
2004
2003
2053
2003
1953
1952
1953
1954
2004
2005
2004
2054
2004
2005
2004
1954
1955
2005
1955
1956
1955
1956
1957
1958
1957
2007
2008
2058
2057
2056
2055
2105
2106
2056
2057
2007
2008
2009
2008
2009
1959
1960
1961
2011
1961
1960
1961
1960
1959
1909
1908
1909
1908
1907
1908
1909
1908
1858
1908
1909
1910
1860
1861
1862
1861
1862
1861
1911
1861
1811
1861
1911
1910
1960
1959
2009
2008
2007
1957
1958
1959
1960
1910
1909
1908
1907
1906
1856
1906
1905
1904
1954
2004
2003
2004
2003
2053
2103
2053
2003
2004
2005
2006
2005
2006
2005
2004
2003
1953
1954
2004
2003
2004
2005
2006
2056
2055
2105
2106
2105
2055
2105
2055
2005
1955
1954
2004
1954
1904
1854
1853
1852
1802
1852
1802
1801
1800
1850
1851
1901
1951
1952
1951
2001
2002
2052
2051
2101
2100
2150
2100
2101
2100
2150
2100
2101
2051
2001
1951
2001
2000
2001
1951
1952
2002
2001
2000
1950
-1
1999
1998
1948
1898
1897
1898
1848
1898
1948
1949
1948
1947
1948
1949
1948
1947
1997
1998
2048
1998
1948
1949
-1
1900
1950
1900
1850
1900
1901
1902
1852
1851
1850
1851
1852
1902
1952
1953
1903
1902
1952
1902
1852
1802
1752
1751
1752
1753
1703
1704
1754
1753
1703
1704
1754
1755
1705
1655
1656
1655
1605
1555
1505
1555
1554
1504
1554
1504
1503
1504
1505
1455
1454
1404
1454
1455
1505
1506
1456
1406
1407
1408
1409
1408
1358
1408
1458
1508
1509
1559
1509
1508
1458
1508
1458
1508
1509
1459
1460
1459
1458
1459
1460
1461
1460
1461
1411
1361
1362
1361
1411
1412
1462
1512
1511
1461
1511
1510
1511
1512
1462
1461
1460
1459
1409
1410
1360
1359
1309
1308
1258
1308
1307
1257
1258
1259
1258
1257
1256
1255
1256
1255
1305
1306
1256
1255
1205
1155
1156
1106
1056
1006
1007
1057
1058
1008
1058
1008
1058
1008
1009
1010
1011
1010
1009
959
1009
1010
1060
1059
1058
1059
1060
1059
1060
1059
1060
1059
1109
1110
1111
1112
1111
1112
1113
1112
1062
1063
1064
1014
964
965
915
914
964
965
1015
1065
1066
1065
1064
1114
1164
1163
1113
1114
1064
1063
1062
1063
1062
1061
1011
961
960
959
1009
1010
1060
1061
1011
1012
1013
1063
1062
1063
1064
1014
1015
965
966
965
966
1016
966
965
966
965
966
965
1015
1065
1015
965
966
967
968
969
970
1020
1021
1020
1070
1020
1019
1018
968
967
968
918
919
869
870
871
821
771
821
771
772
822
872
922
921
922
872
922
923
873
923
873
874
924
925
926
927
926
925
924
874
924
974
924
925
975
974
924
874
824
823
773
723
673
674
675
674
673
723
722
772
771
772
773
723
724
725
724
774
824
825
826
825
826
825
824
874
824
874
824
823
773
772
773
823
873
874
824
774
824
825
826
825
826
776
777
727
677
676
677
627
677
627
677
727
728
727
777
727
677
678
679
729
728
729
779
729
730
731
781
782
732
782
781
780
730
729
779
778
728
729
730
731
681
682
732
682
681
680
730
731
781
831
832
782
832
882
932
982
983
982
983
933
932
931
981
1031
981
1031
1030
1029
1030
1029
1079
1029
1028
1078
1128
1129
1079
1078
1028
978
928
878
877
827
828
827
777
778
779
729
728
727
777
727
726
676
626
627
628
578
577
627
677
627
626
676
675
676
675
725
675
676
677
678
628
578
577
627
577
627
628
678
677
678
628
629
579
629
630
629
579
629
579
529
479
480
481
531
532
582
581
580
630
680
730
680
681
631
632
582
532
482
432
482
432
482
532
582
581
582
532
582
632
682
683
684
734
684
685
686
687
686
736
737
736
735
734
733
734
784
785
735
736
735
685
684
634
635
634
684
685
686
736
737
787
837
838
888
838
788
838
788
838
888
887
886
836
786
787
786
787
737
738
688
738
688
689
690
640
639
640
639
689
739
738
737
736
786
785
835
836
835
785
786
736
737
736
786
736
786
785
735
685
684
734
735
736
786
736
686
685
635
636
635
636
686
687
737
787
837
887
937
887
837
838
837
787
837
836
835
885
886
887
888
938
988
989
1039
1089
1039
1040
1039
1089
1039
1040
1090
1091
1041
1091
1141
1142
1141
1191
1141
1191
1192
1193
1143
1144
1194
1244
1294
1344
1345
1395
1394
1395
1396
1346
1396
1346
1345
1344
1294
1295
1345
1295
1296
1297
1298
1299
1249
1299
-1
1250
1300
-1
1349
1299
-1
1250
1300
1250
1300
1350
1351
1350
1400
1450
1400
1450
1500
1550
1600
1550
1500
-1
1549
1548
1498
1448
1449
1448
1398
1399
1449
1499
1549
-1
1500
-1
1549
1548
1498
1497
1496
1495
1445
1395
1394
1395
1345
1295
1245
1195
1145
1095
1045
1095
1094
1144
1094
1095
1096
1095
1145
1144
1143
1193
1143
1142
1192
1242
1243
1244
1243
1293
1292
1342
1292
1242
1243
1293
1343
1342
1343
1344
1394
1344
1394
1393
1394
1344
1343
1293
1343
1342
1392
1391
1341
1291
1292
1242
1192
1142
1092
1142
1143
1144
1194
1193
1143
1193
1143
1144
1143
1093
1043
993
1043
993
1043
1093
1143
1142
1092
1091
1041
1042
992
1042
992
942
943
993
1043
1042
1041
1042
1041
1040
1039
1040
990
1040
990
1040
990
1040
990
991
992
942
943
993
1043
993
992
993
992
1042
1092
1093
1043
1044
1094
1095
1094
1093
1094
1095
1096
1146
1096
1095
1145
1144
1143
1093
1043
1093
1092
1091
1092
1091
1041
1042
1043
1093
1094
1144
1194
1195
1245
1246
1247
1297
1247
1246
1196
1195
1245
1195
1145
1146
1196
1146
1196
1146
1145
1095
1045
1046
1096
1046
1096
1046
996
997
947
946
996
997
1047
1097
1047
1097
1096
1095
1094
1095
1096
1046
996
995
994
944
994
993
1043
1042
1043
993
1043
1044
1043
1042
992
993
1043
1042
1092
1142
1192
1191
1190
1191
1190
1140
1139
1140
1090
1089
1088
1138
1088
1038
988
989
990
940
939
940
939
938
939
889
839
838
837
838
788
738
788
789
790
789
739
738
739
789
788
738
737
687
637
687
737
787
788
838
839
889
890
940
890
891
892
891
941
940
939
940
941
940
890
891
841
840
839
789
788
738
788
789
839
789
790
789
790
791
741
691
692
642
643
593
592
542
592
542
592
591
590
640
590
640
641
640
639
638
639
640
641
691
692
742
743
693
643
593
592
642
641
640
590
589
639
640
690
740
690
740
739
740
790
840
841
891
890
889
888
887
886
936
886
936
935
934
935
936
986
985
986
985
935
885
886
836
786
787
788
838
839
838
839
889
888
889
939
940
939
938
937
887
837
838
839
889
939
889
890
889
939
940
941
891
890
840
839
840
839
889
890
889
888
889
888
889
839
838
788
789
790
791
741
740
741
691
641
642
641
640
639
638
688
738
788
738
688
687
686
687
637
636
686
736
786
736
786
787
788
738
739
689
639
589
639
638
688
638
637
587
637
587
588
587
537
538
539
538
537
536
586
636
586
585
584
585
586
585
535
536
586
536
486
487
537
538
588
587
537
487
488
438
437
387
388
438
388
389
388
438
437
387
386
387
437
387
388
389
439
389
390
440
490
489
539
538
588
587
537
487
488
487
486
536
586
585
635
636
635
585
586
536
586
585
535
585
635
634
684
734
784
785
784
834
833
832
831
781
731
732
731
681
680
681
682
681
731
781
831
830
780
830
831
781
780
730
731
730
731
732
682
732
733
783
833
832
831
781
831
881
831
830
831
832
831
781
780
779
780
779
780
730
680
681
680
681
680
730
729
728
778
828
827
877
927
877
876
826
825
824
825
826
827
777
778
828
827
877
827
877
827
777
778
828
827
877
927
928
978
928
927
977
927
877
876
826
825
775
774
724
774
824
823
873
823
822
821
871
821
871
870
920
870
920
919
969
1019
969
970
969
968
1018
968
969
970
971
921
971
921
922
923
873
923
922
923
873
823
822
823
873
872
922
921
922
972
973
974
973
972
973
923
873
923
973
923
973
974
973
972
971
970
1020
1070
1069
1068
1069
1119
1169
1219
1220
1270
1220
1221
1171
1170
1220
1219
1218
1217
1218
1217
1218
1217
1167
1217
1267
1217
1218
1217
1218
1268
1218
1268
1267
1268
1218
1217
1218
1168
1167
1168
1169
1170
1120
1119
1118
1119
1069
1070
1120
1119
1118
1168
1169
1170
1220
1270
1269
1319
1318
1317
1316
1366
1316
1266
1316
1366
1367
1417
1367
1366
1367
1366
1365
1315
1265
1266
1265
1264
1214
1164
1165
1166
1167
1168
1169
1219
1220
1270
1320
1319
1269
1268
1218
1268
1318
1268
1318
1319
1320
1321
1320
1321
1371
1321
1271
1272
1271
1321
1320
1370
1320
1319
1369
1319
1369
1370
1320
1321
1322
1272
1271
1221
1271
1272
1273
1323
1273
1274
1324
1323
1324
1323
1322
1372
1422
1423
1473
1423
1424
1423
1373
1323
1273
1223
1222
1223
1173
1174
1175
1125
1075
1125
1175
1176
1177
1178
1179
1129
1130
1180
1230
1180
1130
1129
1079
1029
1028
978
977
976
1026
1027
1028
1029
979
978
928
978
1028
1027
977
978
928
929
879
829
779
729
779
729
679
729
779
778
777
778
779
780
730
729
779
780
830
880
830
831
830
829
879
878
879
880
879
878
828
829
830
829
828
878
879
929
979
1029
1028
978
1028
1027
1026
976
926
925
924
925
875
925
875
876
826
827
826
825
775
725
675
725
724
674
673
674
624
623
624
625
624
674
673
672
671
672
722
723
722
721
722
723
673
623
573
623
622
672
671
672
622
672
722
772
773
772
773
723
673
623
622
672
673
623
622
672
622
621
671
672
673
723
673
623
573
572
522
523
522
572
522
572
571
521
571
570
620
621
622
623
573
623
673
672
673
672
622
621
622
623
673
674
675
676
675
674
724
774
824
774
773
774
724
674
624
574
575
576
526
527
477
527
528
529
479
480
530
580
579
629
630
580
581
582
581
580
630
580
530
529
528
529
528
529
528
578
528
527
528
578
577
527
577
576
575
525
575
525
526
525
475
476
526
476
426
425
475
476
526
476
475
474
473
423
473
474
424
425
424
374
375
325
375
425
426
376
377
427
477
427
377
378
328
278
277
327
377
327
377
427
477
476
426
376
426
427
377
327
277
278
277
276
226
225
175
174
175
174
124
174
224
274
275
225
175
174
175
125
126
127
128
178
228
227
177
227
277
327
328
278
328
378
428
378
328
278
328
278
328
329
330
380
381
331
281
280
281
280
330
331
330
380
381
380
379
329
279
229
230
180
179
229
230
229
230
180
181
182
232
282
283
284
334
284
234
235
285
235
234
233
232
182
181
180
230
231
232
233
232
233
232
182
183
182
183
133
134
135
85
135
185
184
234
284
285
235
236
286
285
335
334
284
285
235
285
335
334
384
385
386
387
386
385
335
285
284
283
233
232
233
183
182
232
233
183
233
183
182
232
233
183
133
83
33
83
33
-1
2483
2433
2383
2382
2381
2380
2330
2331
2381
2380
2379
2378
2428
2378
2377
2378
2428
2378
2328
2278
2228
2278
2328
2329
2379
2380
2379
2329
2328
2278
2277
2327
2377
2378
2377
2327
2326
2376
2375
2374
2324
2325
2326
2276
2226
2276
2275
2225
2175
2225
2224
2223
2222
2172
2222
2221
2220
2170
2171
2172
2222
2272
2273
2272
2322
2321
2322
2321
2271
2270
2271
2270
2320
2321
2322
2272
2322
2321
2320
2270
2269
2219
2269
2219
2218
2217
2267
2268
2269
2270
2220
2270
2320
2270
2269
2268
2318
2317
2267
2268
2269
2219
2269
2270
2269
2319
2269
2268
2267
2268
2318
2319
2269
2268
2218
2268
2218
2168
2169
2119
2069
2019
1969
1970
2020
2070
2120
2119
2069
2019
2069
2068
2067
2117
2116
2117
2167
2168
2218
2168
2169
2168
2118
2068
2018
2068
2018
2017
2018
2017
2018
2017
2018
1968
2018
2068
2069
2119
2069
2068
2069
2019
1969
1968
1969
2019
2069
2119
2120
2119
2120
2121
2071
2070
2069
2068
2018
2068
2069
2068
2067
2017
2018
2017
2016
2017
1967
2017
2067
2117
2116
2166
2167
2217
2216
2217
2267
2266
2267
2317
2267
2217
2218
2217
2218
2217
2218
2168
2167
2117
2118
2119
2169
2119
2118
2068
2018
2019
1969
1919
1969
2019
2020
2070
2069
2119
2120
2119
2069
2019
1969
2019
2018
1968
1918
1917
1918
1917
1918
1917
1918
1868
1918
1968
1967
1917
1867
1868
1867
1866
1816
1766
1765
1764
1714
1664
1614
1613
1663
1713
1763
1764
1763
1762
1761
1811
1761
1760
1759
1758
1759
1758
1808
1858
1808
1807
1757
1756
1806
1856
1806
1807
1757
1807
1806
1856
1857
1858
1808
1858
1908
1858
1859
1809
1859
1858
1808
1758
1759
1809
1859
1809
1759
1809
1810
1860
1810
1809
1808
1809
1808
1858
1808
1858
1908
1909
1908
1909
1910
1911
1961
1962
1912
1913
1912
1862
1861
1911
1961
2011
2061
2060
2061
2011
1961
1911
1912
1962
1963
1962
2012
2011
2010
1960
1959
1909
1859
1860
1859
1858
1808
1758
1757
1756
1755
1756
1757
1707
1757
1807
1808
1807
1806
1756
1757
1807
1806
1807
1857
1856
1906
1956
1906
1905
1906
1956
1957
1907
1908
1907
1957
1907
1908
1907
1908
1907
1906
1907
1957
1956
1957
