8119.998950
3987.998950
2263.998950
1447.998950
931.998950
507.998950
51.998950
-88.001050
-52.001050
-88.001050
-48.001050
47.998950
27.998950
155.998950
123.998950
-56.001050
59.998950
287.998950
119.998950
31.998950
75.998950
99.998950
-8.001050
139.998950
239.998950
215.998950
387.998950
359.998950
43.998950
159.998950
103.998950
39.998950
55.998950
-8.001050
55.998950
-4.001050
255.998950
283.998950
139.998950
127.998950
119.998950
-16.001050
95.998950
91.998950
155.998950
-28.001050
-224.001050
-360.001050
-384.001050
-392.001050
-1
8155.999731
3895.999731
1991.999731
1259.999731
675.999731
439.999731
123.999731
-16.000269
-80.000269
3.999731
-0.000269
7.999731
135.999731
315.999731
191.999731
19.999731
-136.000269
-44.000269
39.999731
131.999731
143.999731
79.999731
119.999731
-108.000269
-20.000269
43.999731
231.999731
191.999731
71.999731
147.999731
215.999731
203.999731
427.999731
507.999731
471.999731
143.999731
355.999731
431.999731
195.999731
255.999731
475.999731
351.999731
243.999731
131.999731
175.999731
359.999731
143.999731
187.999731
-0.000269
-24.000269
-1
8359.999757
4171.999757
2271.999757
1251.999757
463.999757
175.999757
147.999757
-44.000243
-72.000243
-32.000243
83.999757
51.999757
-88.000243
-16.000243
7.999757
-88.000243
-156.000243
31.999757
299.999757
391.999757
143.999757
215.999757
171.999757
55.999757
-152.000243
-56.000243
75.999757
251.999757
227.999757
255.999757
239.999757
239.999757
411.999757
175.999757
307.999757
171.999757
175.999757
275.999757
119.999757
279.999757
231.999757
359.999757
459.999757
203.999757
191.999757
351.999757
215.999757
183.999757
243.999757
303.999757
-1
7911.998303
3499.998303
1659.998303
723.998303
243.998303
159.998303
31.998303
27.998303
35.998303
31.998303
347.998303
379.998303
87.998303
75.998303
-76.001697
-164.001697
-432.001697
-240.001697
47.998303
287.998303
75.998303
115.998303
83.998303
131.998303
23.998303
179.998303
119.998303
-92.001697
-240.001697
-324.001697
-252.001697
-124.001697
115.998303
47.998303
79.998303
-60.001697
79.998303
119.998303
127.998303
103.998303
171.998303
-120.001697
-240.001697
-72.001697
43.998303
179.998303
187.998303
-4.001697
-132.001697
-192.001697
-1
8079.999982
3835.999982
1903.999982
799.999982
303.999982
47.999982
-28.000018
-24.000018
-72.000018
-4.000018
55.999982
319.999982
39.999982
255.999982
47.999982
-120.000018
-332.000018
-236.000018
-116.000018
-0.000018
115.999982
127.999982
-0.000018
223.999982
135.999982
15.999982
75.999982
-64.000018
123.999982
139.999982
291.999982
175.999982
-4.000018
-232.000018
-380.000018
-408.000018
-328.000018
-188.000018
-80.000018
-144.000018
107.999982
67.999982
-36.000018
175.999982
147.999982
31.999982
-44.000018
-128.000018
-212.000018
-240.000018
-1
7739.999654
3535.999654
1651.999654
587.999654
327.999654
263.999654
207.999654
303.999654
243.999654
295.999654
487.999654
391.999654
-48.000346
-260.000346
-264.000346
-200.000346
-76.000346
131.999654
-44.000346
-88.000346
279.999654
363.999654
243.999654
243.999654
-56.000346
-256.000346
-52.000346
-8.000346
47.999654
47.999654
-52.000346
-84.000346
-24.000346
-248.000346
-448.000346
-576.000346
-316.000346
83.999654
-20.000346
123.999654
55.999654
-36.000346
79.999654
175.999654
239.999654
67.999654
47.999654
31.999654
111.999654
-136.000346
-1
8075.998950
3891.998950
1755.998950
743.998950
423.998950
183.998950
203.998950
59.998950
71.998950
19.998950
-24.001050
139.998950
-20.001050
-0.001050
99.998950
-92.001050
27.998950
99.998950
15.998950
127.998950
211.998950
487.998950
59.998950
351.998950
87.998950
-56.001050
-20.001050
71.998950
71.998950
3.998950
-96.001050
-96.001050
-140.001050
-204.001050
-80.001050
-156.001050
-148.001050
-132.001050
-196.001050
-100.001050
-140.001050
-300.001050
-96.001050
-28.001050
-48.001050
-60.001050
-140.001050
-192.001050
51.998950
15.998950
-1
8503.998844
3999.998844
1831.998844
931.998844
371.998844
99.998844
-112.001156
-380.001156
-316.001156
-240.001156
-340.001156
-244.001156
-188.001156
-40.001156
159.998844
331.998844
163.998844
187.998844
-36.001156
-148.001156
-116.001156
19.998844
-80.001156
-120.001156
-284.001156
-124.001156
-72.001156
111.998844
363.998844
351.998844
163.998844
95.998844
63.998844
-48.001156
-108.001156
-40.001156
-256.001156
-344.001156
-184.001156
-204.001156
-232.001156
-188.001156
-308.001156
-420.001156
-412.001156
-164.001156
-100.001156
223.998844
527.998844
599.998844
-1
8179.998495
3879.998495
1847.998495
1047.998495
543.998495
347.998495
211.998495
63.998495
191.998495
223.998495
199.998495
295.998495
371.998495
119.998495
59.998495
15.998495
-372.001505
-492.001505
-476.001505
-584.001505
-468.001505
-208.001505
-80.001505
-128.001505
-148.001505
-240.001505
-272.001505
-264.001505
-232.001505
-200.001505
-284.001505
-332.001505
-196.001505
-228.001505
-312.001505
-356.001505
-224.001505
-180.001505
-236.001505
-168.001505
-244.001505
-72.001505
219.998495
403.998495
319.998495
107.998495
63.998495
39.998495
-20.001505
71.998495
-1
8207.998718
4003.998718
2135.998718
1279.998718
735.998718
387.998718
19.998718
35.998718
47.998718
-208.001282
179.998718
507.998718
419.998718
115.998718
159.998718
391.998718
-72.001282
-204.001282
-104.001282
-76.001282
191.998718
95.998718
199.998718
267.998718
107.998718
43.998718
-164.001282
-68.001282
-168.001282
-112.001282
-236.001282
-284.001282
-372.001282
-340.001282
-32.001282
-28.001282
-100.001282
-312.001282
-464.001282
-620.001282
-572.001282
-388.001282
-44.001282
87.998718
-56.001282
-220.001282
-88.001282
75.998718
115.998718
327.998718
-1
