14223.628144
11899.628144
10723.628144
10019.628144
9671.628144
9295.628144
8923.628144
8651.628144
8543.628144
8455.628144
8391.628144
8239.628144
8135.628144
7971.628144
7911.628144
7919.628144
7875.628144
7903.628144
7727.628144
7679.628144
7595.628144
7615.628144
7591.628144
7519.628144
7523.628144
7511.628144
7567.628144
7531.628144
7583.628144
7583.628144
7591.628144
7431.628144
7419.628144
7423.628144
7335.628144
7391.628144
7351.628144
7359.628144
7223.628144
7179.628144
7251.628144
7355.628144
7607.628144
7631.628144
7527.628144
7511.628144
7587.628144
7659.628144
7723.628144
7703.628144
-1
14143.623986
11823.623986
10771.623986
10015.623986
9623.623986
9355.623986
9019.623986
8699.623986
8487.623986
8359.623986
8287.623986
8171.623986
8175.623986
8063.623986
7847.623986
7787.623986
7915.623986
7875.623986
7823.623986
7735.623986
7651.623986
7607.623986
7615.623986
7535.623986
7515.623986
7435.623986
7491.623986
7399.623986
7415.623986
7483.623986
7503.623986
7427.623986
7463.623986
7467.623986
7403.623986
7439.623986
7351.623986
7215.623986
7279.623986
7399.623986
7571.623986
7627.623986
7691.623986
7747.623986
7659.623986
7711.623986
7739.623986
7911.623986
7943.623986
8015.623986
-1
14015.632279
11695.632279
10499.632279
9715.632279
9263.632279
8859.632279
8475.632279
8215.632279
8095.632279
7975.632279
7959.632279
7879.632279
7787.632279
7695.632279
7551.632279
7491.632279
7615.632279
7711.632279
7683.632279
7679.632279
7575.632279
7419.632279
7279.632279
7263.632279
7239.632279
7295.632279
7411.632279
7455.632279
7435.632279
7503.632279
7479.632279
7483.632279
7331.632279
7259.632279
7143.632279
7103.632279
7043.632279
7039.632279
7239.632279
7359.632279
7355.632279
7331.632279
7287.632279
7299.632279
7339.632279
7335.632279
7415.632279
7639.632279
7539.632279
7551.632279
-1
14115.611871
11871.611871
10659.611871
10059.611871
9523.611871
9347.611871
9043.611871
8711.611871
8767.611871
8775.611871
8595.611871
8435.611871
8275.611871
8287.611871
8107.611871
8071.611871
8043.611871
8123.611871
8127.611871
8127.611871
8055.611871
7991.611871
7887.611871
7871.611871
7819.611871
7803.611871
7811.611871
7787.611871
7687.611871
7715.611871
7695.611871
7627.611871
7655.611871
7675.611871
7491.611871
7423.611871
7335.611871
7479.611871
7627.611871
7879.611871
8027.611871
8019.611871
8027.611871
8067.611871
8051.611871
8071.611871
8043.611871
8063.611871
8015.611871
8079.611871
-1
13951.641917
11611.641917
10319.641917
9703.641917
9103.641917
8847.641917
8679.641917
8443.641917
8291.641917
8147.641917
8063.641917
7995.641917
7855.641917
7763.641917
7791.641917
7779.641917
7595.641917
7631.641917
7559.641917
7499.641917
7451.641917
7439.641917
7395.641917
7311.641917
7291.641917
7211.641917
7239.641917
7139.641917
7127.641917
7031.641917
7035.641917
6823.641917
6787.641917
6775.641917
6759.641917
6743.641917
6751.641917
6819.641917
6915.641917
7155.641917
7311.641917
7211.641917
7203.641917
7195.641917
7155.641917
7143.641917
7279.641917
7199.641917
7203.641917
7271.641917
-1
13687.662207
11203.662207
9783.662207
9055.662207
8527.662207
8219.662207
8031.662207
7867.662207
7739.662207
7579.662207
7475.662207
7359.662207
7167.662207
7235.662207
7083.662207
7003.662207
6919.662207
6803.662207
6775.662207
6775.662207
6739.662207
6783.662207
6823.662207
6891.662207
6827.662207
6743.662207
6643.662207
6575.662207
6619.662207
6647.662207
6683.662207
6551.662207
6375.662207
6471.662207
6363.662207
6551.662207
6679.662207
6743.662207
6847.662207
7035.662207
7063.662207
6995.662207
6931.662207
6927.662207
6983.662207
6931.662207
6983.662207
6847.662207
6903.662207
6903.662207
-1
13991.654491
11647.654491
10379.654491
9551.654491
9007.654491
8579.654491
8391.654491
8311.654491
8147.654491
8075.654491
7947.654491
7783.654491
7723.654491
7651.654491
7495.654491
7355.654491
7131.654491
6827.654491
6831.654491
6975.654491
7019.654491
7031.654491
6923.654491
6831.654491
6859.654491
6931.654491
6919.654491
6831.654491
6791.654491
6691.654491
6587.654491
6435.654491
6583.654491
6651.654491
6703.654491
6779.654491
6839.654491
6923.654491
6967.654491
6863.654491
6947.654491
6935.654491
6919.654491
6851.654491
6775.654491
6675.654491
6783.654491
6827.654491
6935.654491
6951.654491
-1
13955.646689
11683.646689
10547.646689
9711.646689
9199.646689
8743.646689
8491.646689
8291.646689
8019.646689
7775.646689
7579.646689
7511.646689
7431.646689
7307.646689
7287.646689
7195.646689
7099.646689
7027.646689
7135.646689
7195.646689
7139.646689
7203.646689
7059.646689
7047.646689
7055.646689
7139.646689
7103.646689
7071.646689
7011.646689
7003.646689
6959.646689
6911.646689
6743.646689
6735.646689
6795.646689
6907.646689
7115.646689
7039.646689
7083.646689
7039.646689
7183.646689
7115.646689
7055.646689
7063.646689
6887.646689
6811.646689
6895.646689
7015.646689
7175.646689
7079.646689
-1
13831.655666
11467.655666
10391.655666
9531.655666
9067.655666
8607.655666
8383.655666
8003.655666
7759.655666
7563.655666
7435.655666
7347.655666
7267.655666
7235.655666
7183.655666
7047.655666
6951.655666
7019.655666
7127.655666
7195.655666
7207.655666
7183.655666
7183.655666
6979.655666
6967.655666
6995.655666
6995.655666
6831.655666
6891.655666
6843.655666
6763.655666
6647.655666
6579.655666
6599.655666
6699.655666
6803.655666
6927.655666
6903.655666
6879.655666
6811.655666
6967.655666
7031.655666
7019.655666
6995.655666
6955.655666
6879.655666
6879.655666
6859.655666
6983.655666
6871.655666
-1
14147.633006
11803.633006
10651.633006
9811.633006
9411.633006
8995.633006
8747.633006
8379.633006
8175.633006
7987.633006
7887.633006
7651.633006
7563.633006
7571.633006
7495.633006
7363.633006
7339.633006
7383.633006
7395.633006
7279.633006
7287.633006
7259.633006
7295.633006
7363.633006
7247.633006
7187.633006
7207.633006
7227.633006
7235.633006
7147.633006
7095.633006
7091.633006
7235.633006
7339.633006
7399.633006
7387.633006
7339.633006
7315.633006
7227.633006
7359.633006
7427.633006
7423.633006
7411.633006
7403.633006
7351.633006
7307.633006
7327.633006
7259.633006
7219.633006
7143.633006
-1
