1	0.927871
2	0.753471
3	0.671871
4	0.631471
5	0.593871
6	0.571071
7	0.553071
8	0.540671
9	0.536671
10	0.529471
11	0.521871
12	0.522671
13	0.520671
14	0.522271
15	0.521871
16	0.515471
17	0.514671
18	0.509471
19	0.515871
20	0.510271
21	0.515871
22	0.528671
23	0.537471
24	0.529071
25	0.537071
26	0.547471
27	0.547471
28	0.550271
29	0.555871
30	0.552271
31	0.534271
32	0.529071
33	0.531871
34	0.530271
35	0.527471
36	0.525871
37	0.515071
38	0.511871
39	0.514271
40	0.518271
41	0.522271
42	0.531071
43	0.536271
44	0.535071
45	0.534271
46	0.535471
47	0.534671
48	0.525471
49	0.521071
50	0.525071
-1	-1
1	1.111189
2	0.887189
3	0.767589
4	0.708789
5	0.652389
6	0.620389
7	0.579989
8	0.563589
9	0.546789
10	0.526389
11	0.515989
12	0.500789
13	0.483989
14	0.469189
15	0.446789
16	0.432389
17	0.436789
18	0.430389
19	0.421989
20	0.404789
21	0.397589
22	0.381589
23	0.367989
24	0.349989
25	0.329989
26	0.320389
27	0.312789
28	0.286389
29	0.265989
30	0.266789
31	0.248789
32	0.231589
33	0.216789
34	0.210789
35	0.207589
36	0.201989
37	0.200389
38	0.191989
39	0.188389
40	0.189589
41	0.202789
42	0.208789
43	0.204389
44	0.202789
45	0.185989
46	0.169189
47	0.163989
48	0.159189
49	0.151589
50	0.145989
-1	-1
1	0.931964
2	0.721564
3	0.623164
4	0.568764
5	0.551164
6	0.531164
7	0.517164
8	0.509164
9	0.504364
10	0.500764
11	0.500364
12	0.496764
13	0.497164
14	0.499964
15	0.503564
16	0.504364
17	0.494764
18	0.485164
19	0.484764
20	0.483564
21	0.491164
22	0.505164
23	0.507164
24	0.511964
25	0.501164
26	0.505964
27	0.509164
28	0.509964
29	0.505964
30	0.507564
31	0.501564
32	0.507164
33	0.497964
34	0.496364
35	0.485164
36	0.474764
37	0.475164
38	0.476764
39	0.482364
40	0.485964
41	0.501964
42	0.505564
43	0.506364
44	0.501564
45	0.494764
46	0.487964
47	0.487964
48	0.492364
49	0.493564
50	0.484764
-1	-1
1	1.018816
2	0.784416
3	0.679216
4	0.599616
5	0.534016
6	0.498416
7	0.466416
8	0.435616
9	0.415216
10	0.402016
11	0.396816
12	0.386416
13	0.375216
14	0.362416
15	0.350016
16	0.352816
17	0.359616
18	0.375216
19	0.376816
20	0.378416
21	0.378816
22	0.378016
23	0.363616
24	0.353216
25	0.356816
26	0.350816
27	0.372416
28	0.390016
29	0.404416
30	0.406816
31	0.406816
32	0.402816
33	0.396016
34	0.403216
35	0.405616
36	0.399216
37	0.410816
38	0.414816
39	0.398416
40	0.400016
41	0.397616
42	0.391616
43	0.384816
44	0.383616
45	0.379616
46	0.373216
47	0.390816
48	0.400416
49	0.416416
50	0.418416
-1	-1
1	0.935092
2	0.745892
3	0.647892
4	0.601892
5	0.583092
6	0.574292
7	0.562292
8	0.539892
9	0.527892
10	0.523492
11	0.526692
12	0.530692
13	0.521892
14	0.510692
15	0.510692
16	0.517092
17	0.514292
18	0.500292
19	0.502692
20	0.514292
21	0.517892
22	0.525492
23	0.520692
24	0.528692
25	0.533092
26	0.535892
27	0.538292
28	0.530292
29	0.523092
30	0.518292
31	0.526692
32	0.525492
33	0.534692
34	0.547492
35	0.537492
36	0.540692
37	0.537492
38	0.527892
39	0.517892
40	0.514292
41	0.509492
42	0.502692
43	0.495492
44	0.491892
45	0.501492
46	0.505492
47	0.507492
48	0.500692
49	0.489492
50	0.479892
-1	-1
1	1.046211
2	0.817011
3	0.703811
4	0.629811
5	0.581411
6	0.544211
7	0.520611
8	0.501411
9	0.485411
10	0.466211
11	0.459811
12	0.451811
13	0.435811
14	0.418211
15	0.402211
16	0.393011
17	0.387811
18	0.391011
19	0.381011
20	0.385011
21	0.389811
22	0.388211
23	0.384611
24	0.381011
25	0.374211
26	0.392211
27	0.388211
28	0.389811
29	0.391411
30	0.385811
31	0.375811
32	0.377011
33	0.390211
34	0.396611
35	0.399411
36	0.397411
37	0.399011
38	0.387011
39	0.382211
40	0.394211
41	0.385811
42	0.376211
43	0.369411
44	0.357011
45	0.342211
46	0.339411
47	0.345811
48	0.340211
49	0.335811
50	0.343011
-1	-1
1	0.942599
2	0.742999
3	0.657799
4	0.612199
5	0.584599
6	0.565399
7	0.542999
8	0.527799
9	0.510199
10	0.507399
11	0.497399
12	0.486599
13	0.490999
14	0.494999
15	0.489799
16	0.478199
17	0.487399
18	0.490199
19	0.487799
20	0.489399
21	0.496599
22	0.496199
23	0.495799
24	0.496999
25	0.501399
26	0.495799
27	0.492999
28	0.492999
29	0.494199
30	0.489799
31	0.496199
32	0.508599
33	0.507399
34	0.504999
35	0.489799
36	0.482999
37	0.484199
38	0.493399
39	0.488999
40	0.486999
41	0.486599
42	0.477399
43	0.476599
44	0.474599
45	0.478199
46	0.477799
47	0.478599
48	0.475799
49	0.469399
50	0.457399
-1	-1
1	1.102460
2	0.860860
3	0.739260
4	0.650460
5	0.586860
6	0.527660
7	0.490060
8	0.467260
9	0.454460
10	0.452460
11	0.433660
12	0.412460
13	0.404060
14	0.387660
15	0.388860
16	0.382060
17	0.371660
18	0.359660
19	0.345260
20	0.345260
21	0.330060
22	0.318060
23	0.294460
24	0.278860
25	0.271260
26	0.261260
27	0.256860
28	0.256460
29	0.254860
30	0.253660
31	0.253660
32	0.239660
33	0.234060
34	0.242860
35	0.230860
36	0.242060
37	0.225260
38	0.248060
39	0.244860
40	0.253260
41	0.258860
42	0.256860
43	0.258060
44	0.264860
45	0.273260
46	0.294060
47	0.300060
48	0.313660
49	0.331260
50	0.325260
-1	-1
1	1.083368
2	0.839768
3	0.696568
4	0.627768
5	0.566568
6	0.524968
7	0.500168
8	0.469768
9	0.447368
10	0.417768
11	0.394168
12	0.376968
13	0.362168
14	0.344568
15	0.331768
16	0.323768
17	0.334168
18	0.340168
19	0.338168
20	0.310168
21	0.306168
22	0.300168
23	0.282568
24	0.269368
25	0.254168
26	0.249368
27	0.245368
28	0.244568
29	0.248568
30	0.264968
31	0.264568
32	0.260168
33	0.248568
34	0.249368
35	0.264168
36	0.277768
37	0.286168
38	0.291768
39	0.305768
40	0.320168
41	0.322968
42	0.324568
43	0.320168
44	0.312968
45	0.304168
46	0.308968
47	0.308968
48	0.316568
49	0.316568
50	0.305368
-1	-1
1	0.958312
2	0.759112
3	0.672312
4	0.613512
5	0.584312
6	0.551512
7	0.528312
8	0.511512
9	0.492312
10	0.484312
11	0.480312
12	0.469912
13	0.475912
14	0.477512
15	0.482712
16	0.473512
17	0.476712
18	0.489112
19	0.495912
20	0.492712
21	0.497512
22	0.495512
23	0.497912
24	0.493512
25	0.482312
26	0.477112
27	0.479512
28	0.473512
29	0.473512
30	0.473912
31	0.468312
32	0.470312
33	0.473512
34	0.484712
35	0.489912
36	0.494712
37	0.495912
38	0.501912
39	0.496312
40	0.503112
41	0.512312
42	0.503112
43	0.511912
44	0.503112
45	0.506712
46	0.519912
47	0.513912
48	0.510312
49	0.515112
50	0.521912
-1	-1
