3599.602596
3019.602596
2687.602596
2499.602596
2411.602596
2303.602596
2215.602596
2127.602596
2099.602596
2055.602596
1971.602596
1951.602596
1883.602596
1831.602596
1827.602596
1863.602596
1935.602596
1979.602596
2031.602596
2087.602596
2047.602596
2039.602596
2039.602596
2079.602596
2047.602596
-1
3535.627412
2895.627412
2607.627412
2443.627412
2351.627412
2223.627412
2107.627412
2015.627412
2015.627412
1975.627412
1879.627412
1747.627412
1711.627412
1695.627412
1743.627412
1795.627412
1827.627412
1863.627412
1887.627412
1911.627412
1927.627412
1939.627412
1943.627412
1923.627412
1959.627412
-1
3543.640959
2923.640959
2623.640959
2415.640959
2311.640959
2235.640959
2159.640959
2023.640959
1951.640959
1895.640959
1831.640959
1807.640959
1755.640959
1731.640959
1671.640959
1731.640959
1779.640959
1787.640959
1787.640959
1867.640959
1923.640959
1907.640959
1867.640959
1823.640959
1863.640959
-1
3535.640000
2947.640000
2691.640000
2471.640000
2307.640000
2223.640000
2143.640000
2043.640000
2039.640000
2031.640000
1975.640000
1943.640000
1939.640000
1911.640000
1875.640000
1843.640000
1827.640000
1859.640000
1787.640000
1787.640000
1839.640000
1827.640000
1791.640000
1803.640000
1855.640000
-1
3483.672816
2863.672816
2455.672816
2207.672816
2055.672816
1931.672816
1851.672816
1783.672816
1831.672816
1863.672816
1811.672816
1779.672816
1747.672816
1715.672816
1663.672816
1679.672816
1663.672816
1675.672816
1691.672816
1627.672816
1659.672816
1723.672816
1651.672816
1687.672816
1695.672816
-1
3551.674644
2947.674644
2483.674644
2207.674644
2107.674644
1999.674644
1939.674644
1831.674644
1799.674644
1803.674644
1755.674644
1707.674644
1655.674644
1591.674644
1583.674644
1595.674644
1599.674644
1631.674644
1711.674644
1715.674644
1763.674644
1727.674644
1715.674644
1739.674644
1783.674644
-1
3419.717827
2711.717827
2231.717827
1959.717827
1843.717827
1779.717827
1739.717827
1667.717827
1635.717827
1571.717827
1615.717827
1611.717827
1535.717827
1455.717827
1419.717827
1427.717827
1443.717827
1507.717827
1511.717827
1459.717827
1463.717827
1487.717827
1519.717827
1571.717827
1599.717827
-1
3379.681001
2779.681001
2403.681001
2155.681001
2087.681001
1991.681001
1847.681001
1755.681001
1683.681001
1663.681001
1679.681001
1707.681001
1719.681001
1687.681001
1727.681001
1667.681001
1607.681001
1571.681001
1587.681001
1563.681001
1639.681001
1715.681001
1691.681001
1635.681001
1639.681001
-1
3455.705802
2787.705802
2419.705802
2131.705802
1911.705802
1715.705802
1627.705802
1699.705802
1691.705802
1595.705802
1551.705802
1611.705802
1643.705802
1587.705802
1535.705802
1543.705802
1495.705802
1467.705802
1451.705802
1395.705802
1403.705802
1443.705802
1427.705802
1435.705802
1503.705802
-1
3495.658944
2887.658944
2447.658944
2235.658944
2019.658944
1991.658944
1927.658944
1883.658944
1843.658944
1775.658944
1703.658944
1715.658944
1711.658944
1719.658944
1699.658944
1731.658944
1683.658944
1679.658944
1635.658944
1611.658944
1627.658944
1639.658944
1623.658944
1615.658944
1655.658944
-1
