2003.999661
899.999661
507.999661
283.999661
139.999661
135.999661
67.999661
-80.000339
-104.000339
-112.000339
-164.000339
-180.000339
-228.000339
-224.000339
-324.000339
-256.000339
-152.000339
-212.000339
-184.000339
-112.000339
11.999661
83.999661
87.999661
107.999661
103.999661
-1
2055.999661
891.999661
663.999661
427.999661
219.999661
143.999661
151.999661
127.999661
39.999661
47.999661
79.999661
35.999661
-48.000339
-52.000339
-76.000339
-80.000339
-40.000339
-104.000339
-132.000339
-108.000339
-128.000339
-8.000339
-136.000339
-220.000339
-144.000339
-1
2107.999892
1015.999892
539.999892
227.999892
-32.000108
-156.000108
-288.000108
-276.000108
-108.000108
-52.000108
11.999892
-4.000108
31.999892
-24.000108
-96.000108
-212.000108
-196.000108
-124.000108
-64.000108
19.999892
11.999892
143.999892
103.999892
-4.000108
7.999892
-1
1863.999856
863.999856
463.999856
203.999856
-8.000144
-28.000144
-76.000144
-16.000144
15.999856
-12.000144
95.999856
199.999856
207.999856
43.999856
-4.000144
-96.000144
-128.000144
-80.000144
-140.000144
-112.000144
-200.000144
-76.000144
-120.000144
-68.000144
-24.000144
-1
1951.999984
875.999984
403.999984
171.999984
-40.000016
-80.000016
-152.000016
-40.000016
-8.000016
39.999984
87.999984
131.999984
211.999984
143.999984
107.999984
71.999984
-64.000016
-36.000016
-96.000016
-108.000016
-148.000016
-96.000016
-96.000016
-64.000016
-152.000016
-1
1975.998400
983.998400
475.998400
191.998400
-44.001600
-40.001600
-140.001600
-88.001600
-68.001600
95.998400
19.998400
63.998400
67.998400
135.998400
79.998400
107.998400
35.998400
-24.001600
-40.001600
-76.001600
-140.001600
-220.001600
-196.001600
-128.001600
-88.001600
-1
1983.999498
931.999498
423.999498
259.999498
123.999498
79.999498
-52.000502
-8.000502
-4.000502
155.999498
127.999498
103.999498
31.999498
11.999498
-40.000502
-12.000502
19.999498
7.999498
123.999498
71.999498
-12.000502
-132.000502
-200.000502
-72.000502
-88.000502
-1
1927.997772
939.997772
403.997772
231.997772
83.997772
-48.002228
-56.002228
-76.002228
-28.002228
75.997772
67.997772
-4.002228
-32.002228
75.997772
-0.002228
-112.002228
-144.002228
-152.002228
-80.002228
63.997772
147.997772
103.997772
35.997772
-4.002228
-56.002228
-1
2039.998924
1011.998924
455.998924
223.998924
143.998924
31.998924
-32.001076
-8.001076
-48.001076
-48.001076
-128.001076
-28.001076
-84.001076
-12.001076
-52.001076
-96.001076
-92.001076
115.998924
171.998924
171.998924
143.998924
79.998924
11.998924
63.998924
15.998924
-1
2003.999815
1075.999815
463.999815
63.999815
11.999815
-56.000185
-116.000185
-148.000185
-32.000185
91.999815
-32.000185
-32.000185
-168.000185
-52.000185
-28.000185
-52.000185
-56.000185
59.999815
63.999815
95.999815
47.999815
-12.000185
-24.000185
-24.000185
-104.000185
-1
