203
347
1683
999
100661
8751
197
869
42226
2379
537
12686
531
313
121
145383
303
223
961
1091
309
2169
1101
18422
387
973
295
301
89
4792
4059
2955
4344
813
765
1599
1907
425
269
101
3496115
1033
2715
337
71098
1241
323
166037
8390
32956
55987
2885
451
1429
642061
869
1449
303
5614
295
793
25382
85
8404
219
8612
613
40565
391
560769
179
429
863
557
239
1306890
6626
156527
1629
18522
1139
1209
853
251
715
295
14852
871648
153
3966
1613
295
7052
13502
139
2903
3698
401
15030
32059525
1173
207
169
711
597
1829
275
2327
2367
639
1265
743
429
22478
275
1455
2151
847
109
179
339
1299
629
1383
1803
157
7586
109
635
1807
6970
603
101
359
213
165
1179
917
213
4129
305
273
383
74673
13964415
80137
573
233
149
2705
129
253
279
2125
61005
211
1589
19436
219
201
245
135
843
251
843
1347
415
13490
263
141
817
359201
2573
161
2886
215
1095
2559
16548
403
516074
259
1051
17306
2543
377
472529
54319
4674
107675
291
1327
12866
151
355
2043
119
61
1307
1665
102713
731
221
59
465
21866
32506
1299
161
67
629
63
18784
12870
507
10845
421
767
131
2672552
599
22814
69221
499
3914
6756
1911
34323
16618
859
233
6167
1113
607
699
233
777
27844
1061
2428
489757
267
8691953
435
1977
439
6126
103
1545
9648
33398
145081
169
301
115
28544
53
281091
369
699
279
505
169
785
637
327
249
317
285
163
945
667
121
51789
595
7178
3109
2031
389
3427
679
1715
157
511
305
1637
355
391
1765
227
277
115
41819
229
313
9214
305
161
101891
1619
209
407085
225
243
4217
85
269
7649
1683
935
2195
799
46277
93
255
1133
529
31485
1443
333
373
201
577
831
173
14932
899
6343
17482
209
595
1759
3201
121
71
1975
3342
171
2077
16178
5534
111
26514
19462
185
3261
357
219
847
405
243
9786
151
415
361
515
85
909
47382
2427
729
337
365
243
1485
14156
267
17298
223
12328
61
6072
1857
2320
8163
1246924
261
27806
399
729
15082
373
407
1785
297
1741
2347
1257
899
189
1551
145
1417
111
2125
57
1577
1805
1465
19880
211
5167
1651
591
593
963
289
1967
869
2934
173
331
335
11158
1651
241
3155
4231
457
209
163
361
169
701
99
175
73
3405
297
12042
331
151
3945
813
385
277
615
157
721
1325214
323
525
12398
2547
213
4895
10708
1171
222281
285
111341
601
617
225
733
10226
113
1235
315
939
33894
157
411
373
1373
417
2321
3703
705
13702
2901513
1785
149
183
3939
917
8166
219
133
259
30222
251
91959
301
937
347
3275
257852554
1547
1229
119
125
235
597
92319
235
583
372144
651
621
82879
2685
295
1269
943
21906
7640
1009
339
635
1633
241
717
233
331
261
4091
789
1695
1585461
1271
1393
783
501
675
631
3569907
321
8404
287
959
3352961
602825
235
181
575105
613
3120
8306
157
5756
115683
181
2277
2105
141
25588
129
831
2551
4467
5451
375
3745
719
1377
839
4143
409
567
50632
2483
131847
711
5524
2339
905
215
109
55197163
361
257
2925
123
195
8261
1937
1339
7436
5804
527
1233
8684
2705
22818
7214
293
393
107
815
5250
73
14214
465
383
16808
125
117
35694
1295
587
315
1791
281
841
193
3396
25280
47072
2005
345
23840
16630
6876
447
2949
77
133979
141
11704
123
685
283
2779
9774
2479
331
1289
303
1157
249
511
2913
7768
2473
53
7894
223
71
6402
197
5636
2385
978644
3398
787
8093431
289
257
299
3620
1153
249
133
1595
2995
235
661
21760
519
601
681
35039
381
17438
1795
467
157
5041
5546
655
8459
279
381
415
1171
1321
863
511
305
2081
1179
1419
975
401
127
191
197
437
3513
513
295
345
53707
1721
127
384851
11430
669
5766
691
14058
85
1083
741
569
181
271
213
213
1871
1259
969
5911
801
241
397
25380
2539
587
1109
929
129
69289
173
62721
3887
2485
1369
1878973
553
341
7119
5697
497
19694
205
15696
9200
2421
2469
5762
881
343
373
1973
589
559
1737
1057
91
367
4251
683
6570
969
50831
20228
751
117
209
501
2103
241
75
865
749
3125
123
47712
9494
157
35836
5140
681
183
10320
1175
1825
186909
621
393
701
1263
305
143
385
204385
131569
485
93
237
521
205
5631
1043
1239
6062
835
302133
31088
2013054
1677
3854
235
399
213
9356
81083
615
4075693
535
11518
32198
869
44332103
477
49
158637
221
1901
243
46943
34120
255
15362
1817
365
1139
190371
1605
3889
129
5093
273889
6899
187
199
2533
24044
206655
215
85
755
837
281
1741
249
909
965
403
81
101
8302
1535
1135
353
247255
163
651
75
227
47542
701
779
1749
197
225
511
15390
677
891
1481
81
1609
449
8570
1889
4479
9582
176785
1151
1823
1263
4159
230693
773
8993
12804
4639
30156
3377
2265
2241
2735
583
3783
1359
501047
1187
3189
983
445
2609
1477
123
2358266
2719799
1493
205
935
443
67
2263
695
8656
773
165277
503
119
20332
15370
2597
401
1275
127
101
2391
4260
69
70683
533
6984
2081
15026
167
857
2271
1047
1113
30430
327
247
13534
643
367
1929
13002
145
1021
540679
11448
18046
1359
89
7115
287
111
1763
1073
837
3107
323
2443
3629
1129
481
417
2571
2669
2601
129
4670
14824
1143
253083
1305
49305
875
25274
4875
353
1735
207
9698
2013
32746
671
497
7111
1181
461
7744
1299
21796
1051
737
155
703
745
