203
335
1559
1032
73
1943
411
2051
389
5574
119
355
722
3838
2301
739
159
674
798
311
159
1764
531
1466
952
367
1344
135
441
2209
545
2973
618
167
199
1677
967
235
3383
1284
1732
577
503
873
249
576
205
590
775
695
886
656
151
309
241
469
2036
881
2414
518
645
774
301
323
291
807
650
568
1582
612
330
1207
641
1293
634
360
1455
331
93
681
1225
906
551
1750
1246
1771
163
111
387
1112
352
459
657
741
1027
773
1039
2437
137
479
387
438
807
479
365
233
283
583
1202
902
417
1582
1465
177
390
781
905
337
171
177
524
191
586
1001
327
2911
2312
325
1115
57
244
622
208
1078
919
665
3047
267
642
310
560
583
277
125
380
65
2934
501
291
1391
897
996
1555
894
3453
779
158
289
318
1010
105
755
213
454
1293
1520
1285
1348
169
991
1093
709
169
938
333
413
99
953
291
1509
303
1148
613
245
860
1247
191
774
693
269
521
1144
197
3686
915
684
415
389
1587
169
596
1258
301
193
103
133
625
345
103
141
4871
491
973
752
399
2204
696
471
215
272
3303
248
996
173
1310
213
638
464
1154
451
442
1855
2063
1028
703
884
3048
376
549
375
321
305
1068
233
2821
2701
4012
75
147
253
728
2296
1037
381
139
159
553
335
805
127
976
813
2031
173
563
359
848
659
435
670
1118
439
1348
2296
3596
183
419
2062
249
670
862
818
77
494
1931
2242
1367
906
243
1083
435
811
213
671
595
411
334
53
199
167
85
285
1349
735
161
408
957
437
1234
309
566
419
1592
2329
565
644
67
301
822
369
676
1332
584
853
199
957
491
1121
93
777
271
479
75
1286
195
367
429
205
933
263
165
641
1637
1461
666
285
1363
201
3346
516
351
541
3082
597
977
103
980
567
272
263
1024
849
1484
406
589
2893
1372
281
404
391
231
987
2030
452
494
131
2051
413
1429
267
305
191
757
181
806
485
191
937
913
233
1000
2107
1999
2003
141
1478
1128
161
1418
359
324
1167
833
949
179
1486
525
2126
105
349
869
290
203
277
89
2276
1242
491
158
269
291
53
707
2901
153
255
253
2176
129
381
1097
2093
491
235
315
501
496
374
1258
581
283
1552
211
423
269
101
2864
2345
3559
1177
1565
163
1206
91
791
213
291
1712
2040
441
1146
337
1118
475
1739
1384
832
225
732
333
450
299
1023
179
622
3125
151
2024
2275
65
663
1540
425
1716
211
169
2920
223
423
1273
1507
984
1119
3129
441
233
2352
473
147
772
574
1437
673
183
223
2508
544
209
85
566
101
765
1284
699
255
2118
867
438
916
417
1270
383
480
199
143
250
822
1380
1474
477
352
131
149
2153
1297
2225
1605
791
125
137
569
399
1317
1552
913
928
87
723
356
2339
437
165
544
1430
335
746
1412
185
213
123
746
926
1137
485
513
1969
482
237
938
31
391
1509
1520
2157
879
585
1393
541
1237
782
135
580
603
281
687
639
359
482
325
171
1216
331
1090
761
415
969
139
1557
669
3017
997
407
449
738
761
2544
841
2275
212
3135
672
1398
522
549
2149
595
527
567
2925
1795
291
894
965
1001
209
643
425
1749
1315
637
1105
1351
407
757
257
720
981
79
213
430
821
259
2092
881
217
662
1334
89
215
921
2218
2292
502
2777
103
2568
1396
385
1671
425
65
2216
1206
5948
268
3054
651
655
637
717
576
1123
1802
1069
263
1657
173
177
235
1817
427
808
385
831
802
902
1175
165
923
1014
678
1957
603
706
445
518
982
133
433
107
1354
393
365
525
283
237
421
1275
197
621
1310
654
959
141
378
433
101
293
293
151
81
3041
894
349
769
2868
2651
1427
259
2226
1401
176
695
1507
905
501
1510
698
878
1022
674
547
1269
1771
313
39
1039
671
215
1823
418
1234
1359
465
115
1233
1831
1253
2568
2180
902
267
3353
313
445
1272
505
976
373
1595
245
361
157
1664
291
710
383
998
153
325
1736
373
241
710
262
449
627
333
3988
735
1294
897
355
343
1521
3860
744
385
1161
496
598
850
2074
1869
1200
1194
1158
258
1765
213
212
1005
97
269
5741
1134
769
616
940
339
222
1367
367
743
189
131
584
944
391
1135
1723
75
1209
187
390
1396
365
5304
2382
261
389
345
1701
1216
255
481
319
1239
1670
805
2543
233
93
979
2049
1043
497
1027
1583
3976
783
357
813
1772
61
353
215
2393
2580
589
451
341
4051
1418
1008
1478
1895
2307
622
368
121
577
183
1242
961
643
347
153
119
1703
1529
131
1202
413
604
1314
636
1967
3603
569
751
171
257
1423
1258
1049
375
53
861
1577
1998
229
1444
4342
983
1448
785
143
2211
1114
3711
3380
709
171
420
460
1567
959
384
5264
1568
33
213
2473
1156
147
3525
1076
1536
533
131
689
1454
857
335
1954
153
249
357
401
586
295
1347
5061
1520
191
1033
595
89
1146
726
716
147
323
596
1241
311
215
1123
2901
2379
527
128
798
411
2442
554
169
3433
816
1324
109
348
579
932
287
459
876
295
643
839
1178
2693
978
1787
948
1172
1268
659
327
