432
1113
1374
87
1170
375
250
365
1106
139
290
125
455
1309
289
1003
401
614
1081
229
83
247
1818
1063
127
49
1744
626
958
400
1381
705
352
251
624
139
421
149
1431
611
1235
1290
279
135
139
661
105
841
656
2558
933
3176
879
97
271
87
1474
361
273
1798
453
179
1039
978
1118
1253
4149
758
998
2953
3389
924
1160
371
355
836
1386
3023
734
451
585
463
347
1088
776
2406
297
97
842
109
2236
1825
542
5248
667
501
610
1075
1954
708
413
455
639
171
486
381
117
389
900
1070
1320
343
1049
994
1397
1393
518
197
91
432
740
1440
95
1605
1904
2225
946
221
1499
153
463
1360
105
409
95
138
1479
2644
261
263
215
625
263
3456
989
281
533
643
936
636
941
574
2418
97
301
3246
950
439
183
716
929
787
241
283
1349
271
579
1660
1697
1113
1455
135
215
103
542
254
369
227
273
716
649
501
1053
301
1770
1972
125
211
439
1319
195
373
1511
525
93
373
1765
275
1784
780
530
1292
649
957
1557
1064
909
1044
521
912
241
862
470
2299
762
357
1448
1131
539
675
1124
724
203
724
3101
382
117
3866
1874
245
259
2014
577
2081
1638
243
125
1582
843
615
337
1780
259
1638
395
589
2727
2025
1802
1345
1437
385
1611
858
369
1266
241
1298
535
882
1601
2342
1188
201
614
1844
1249
1372
95
109
93
1719
1641
2132
292
388
802
468
701
1269
988
386
888
197
2976
815
57
1683
617
156
1509
1126
69
381
486
181
81
237
437
740
1076
901
715
798
525
97
1878
445
1199
631
1413
1028
772
651
573
99
127
93
329
2482
579
653
271
722
147
947
2327
1441
101
3678
2769
1209
672
1071
297
63
604
777
1159
284
893
1619
1464
95
239
95
385
205
199
703
139
1133
1115
295
1560
325
452
2860
341
1124
215
79
154
614
107
610
227
463
351
143
316
337
614
127
2182
121
229
3289
319
835
373
707
443
921
811
639
895
628
3378
1429
2435
59
266
240
625
997
516
719
869
621
1569
760
139
5185
828
617
1228
117
167
429
215
257
890
1294
523
633
696
700
664
129
175
1773
269
808
764
215
1092
3841
436
399
1616
137
159
109
1314
921
264
245
591
347
2325
1148
545
195
377
528
328
892
739
968
393
295
2437
3694
1410
151
491
375
1098
229
1207
561
479
698
683
657
817
480
1155
265
1731
316
667
2342
227
165
157
852
762
1068
267
695
535
2006
571
2660
1047
177
1554
137
849
1291
1207
818
542
153
149
370
111
526
604
251
1392
2230
427
616
277
1770
105
298
1551
89
361
1226
540
379
732
125
145
213
721
716
1363
171
689
732
854
157
331
2418
1309
1100
233
1424
263
531
277
1524
3233
177
243
989
2484
1885
1202
1108
1151
451
1432
213
333
147
2778
301
2738
665
1586
525
902
485
1247
418
630
233
948
119
1625
555
783
287
531
109
207
2054
506
324
358
145
645
1297
1685
870
1258
887
329
429
1119
149
562
2846
751
505
133
277
905
1308
563
911
1311
217
105
467
1720
161
405
691
1432
2548
229
203
287
77
702
615
2057
931
83
1089
181
1058
526
1831
255
1901
686
1313
1251
95
373
753
621
129
461
1271
289
568
199
335
491
709
774
654
713
732
1716
299
516
868
1174
533
2740
347
663
391
280
515
538
1567
587
570
398
273
339
1182
211
737
742
1105
1058
805
682
91
167
612
311
307
2972
392
231
238
303
483
1460
638
2117
221
923
357
73
103
1598
1120
465
447
493
622
3358
889
343
507
1079
511
135
245
1874
289
81
153
395
201
1600
464
833
736
569
3456
2522
1163
773
197
1655
2490
870
2019
147
245
77
151
73
539
4172
1014
1911
407
1365
838
830
347
748
265
1249
2506
353
303
137
551
525
2011
185
1076
400
1630
371
1709
131
516
866
1074
409
223
359
1365
1844
119
2222
385
546
181
1989
695
517
219
665
2592
2802
1133
1093
507
1468
2204
719
1429
1616
851
815
481
482
379
349
354
1558
585
1167
283
413
1528
1211
2321
263
682
235
1241
495
1452
253
3935
477
585
249
115
233
649
261
2728
2007
981
1399
1044
132
165
89
195
1233
1988
291
661
577
1299
675
1324
469
579
343
3048
1488
1056
325
362
247
2836
107
727
1100
591
269
482
2303
2448
1113
347
914
429
3220
95
577
155
1426
1303
141
1883
759
4624
576
2533
2299
277
1135
498
566
411
340
257
255
1996
851
225
584
980
393
1038
395
3102
522
397
835
463
2049
2170
383
323
1809
426
1263
643
671
1454
199
314
422
1627
261
521
1715
219
1976
107
340
667
868
1386
125
2066
167
107
103
708
1215
386
389
945
195
830
366
2104
221
77
2256
2813
663
526
383
2545
169
147
1038
766
395
115
501
463
145
243
309
85
212
569
795
551
309
743
341
365
672
771
171
113
1340
1400
587
793
2394
961
335
1066
837
2695
2133
249
683
309
426
625
684
741
1202
1283
924
165
1046
1821
1928
163
895
775
561
283
463
129
495
143
287
649
339
970
115
257
151
327
2612
1100
